Node Number	X Location (m)	Y Location (m)	Z Location (m)	Normal Stress (Pa)007
1	3.0615e-017	1.	0.	3.3976e+007
2	0.	3.	0.	9.9088e+006
3	0.	1.0761	0.	2.9547e+007
4	0.	1.1589	0.	2.4691e+007
5	0.	1.2616	0.	2.1238e+007
6	0.	1.3873	0.	1.8498e+007
7	0.	1.54	0.	1.6382e+007
8	0.	1.7265	0.	1.4731e+007
9	0.	1.9524	0.	1.341e+007
10	0.	2.2292	0.	1.2297e+007
11	0.	2.5752	0.	1.1204e+007
12	1.	0.	0.	23108
13	0.99692	7.8486e-002	0.	-2.4564e+005
14	0.98768	0.15648	0.	-6.334e+005
15	0.97235	0.23351	0.	-6.245e+005
16	0.95103	0.30909	0.	-4.1613e+005
17	0.92385	0.38277	0.	18276
18	0.89096	0.45408	0.	6.408e+005
19	0.85258	0.52259	0.	1.6962e+006
20	0.80893	0.5879	0.	2.9405e+006
21	0.7603	0.64957	0.	4.9128e+006
22	0.70699	0.70723	0.	6.9781e+006
23	0.64931	0.76052	0.	9.7704e+006
24	0.58763	0.80913	0.	1.2716e+007
25	0.52228	0.85277	0.	1.5853e+007
26	0.45373	0.89114	0.	1.9309e+007
27	0.38239	0.924	0.	2.3081e+007
28	0.30867	0.95117	0.	2.5664e+007
29	0.23308	0.97246	0.	2.88e+007
30	0.15605	0.98775	0.	3.1717e+007
31	7.8064e-002	0.99695	0.	3.2497e+007
32	10.	0.	0.	9.9972e+006
33	9.321	0.	0.	9.9929e+006
34	8.642	0.	0.	9.9879e+006
35	7.9631	0.	0.	9.9665e+006
36	7.2841	0.	0.	9.9294e+006
37	6.6051	0.	0.	9.8642e+006
38	5.9261	0.	0.	9.7583e+006
39	5.2471	0.	0.	9.5808e+006
40	4.5747	0.	0.	9.3081e+006
41	3.9309	0.	0.	8.8803e+006
42	3.3332	0.	0.	8.218e+006
43	2.8371	0.	0.	7.4086e+006
44	2.4304	0.	0.	6.4219e+006
45	2.0985	0.	0.	5.177e+006
46	1.8275	0.	0.	3.8513e+006
47	1.6086	0.	0.	2.5441e+006
48	1.4305	0.	0.	1.1985e+006
49	1.2889	0.	0.	2.5321e+005
50	1.1744	0.	0.	-2.5324e+005
51	1.0804	0.	0.	-79841
52	10.	3.	0.	9.9983e+006
53	10.	2.25	0.	1.0001e+007
54	10.	1.5	0.	1.0001e+007
55	10.	0.75	0.	9.9999e+006
56	0.48836	3.	0.	1.027e+007
57	0.99276	3.	0.	1.1511e+007
58	1.5215	3.	0.	1.2408e+007
59	2.0895	3.	0.	1.2856e+007
60	2.6976	3.	0.	1.2587e+007
61	3.3349	3.	0.	1.198e+007
62	3.998	3.	0.	1.1265e+007
63	4.665	3.	0.	1.0746e+007
64	5.3319	3.	0.	1.0432e+007
65	5.9988	3.	0.	1.0233e+007
66	6.6658	3.	0.	1.0114e+007
67	7.3327	3.	0.	1.0048e+007
68	7.9996	3.	0.	1.0014e+007
69	8.6666	3.	0.	9.9995e+006
70	9.3335	3.	0.	9.9977e+006
71	1.3994	1.8066	0.	1.3013e+007
72	1.1821	1.141	0.	1.2399e+007
73	0.59624	1.3239	0.	1.6632e+007
74	1.2804	0.57109	0.	5.3182e+006
75	1.7862	0.93889	0.	9.012e+006
76	2.5544	1.9485	0.	1.1284e+007
77	0.88269	0.95207	0.	1.2373e+007
78	0.77465	1.8201	0.	1.3919e+007
79	3.8716	1.5011	0.	9.9446e+006
80	8.6601	1.4453	0.	1.0004e+007
81	6.0955	1.5014	0.	9.9993e+006
82	1.0546	0.57495	0.	4.3847e+006
83	0.40572	1.1367	0.	2.0108e+007
84	0.63406	1.0524	0.	1.625e+007
85	1.1256	0.37473	0.	1.5363e+006
86	2.7166	0.92646	0.	8.6864e+006
87	0.19385	1.1445	0.	2.4128e+007
88	1.5096	0.37401	0.	3.6658e+006
89	0.25855	1.3518	0.	1.8564e+007
90	1.0972	0.76824	0.	8.3471e+006
91	1.166	0.14659	0.	-36127
92	1.0216	1.3737	0.	1.4053e+007
93	2.008	0.56899	0.	6.6511e+006
94	4.6636	1.5019	0.	9.9614e+006
95	2.034	1.2475	0.	1.0335e+007
96	0.87123	0.6857	0.	5.4854e+006
97	1.2569	0.74934	0.	8.0275e+006
98	1.4581	1.1652	0.	1.1399e+007
99	0.62213	0.85704	0.	1.2804e+007
100	0.75176	1.1535	0.	1.542e+007
101	0.57904	2.31	0.	1.2282e+007
102	7.3483	1.4439	0.	1.0004e+007
103	1.3478	0.27724	0.	1.9275e+006
104	1.7418	2.4737	0.	1.2529e+007
105	0.43341	1.0343	0.	2.0453e+007
106	1.5644	0.74024	0.	7.691e+006
107	1.2819	2.3276	0.	1.2561e+007
108	9.2211	1.8438	0.	1.0005e+007
109	9.2281	1.151	0.	9.9993e+006
110	5.7102	0.75792	0.	9.7811e+006
111	0.3623	1.9128	0.	1.3648e+007
112	0.38191	1.3503	0.	1.7778e+007
113	3.6244	0.67351	0.	8.8894e+006
114	5.7542	2.2579	0.	1.0213e+007
115	0.67554	1.6449	0.	1.4734e+007
116	2.037	1.9842	0.	1.1942e+007
117	0.2566	1.0534	0.	2.5542e+007
118	1.1418	0.26417	0.	5.3201e+005
119	0.88314	0.81676	0.	9.4552e+006
120	0.98793	0.47058	0.	1.6046e+006
121	1.687	0.19717	0.	3.5324e+006
122	0.58085	0.94118	0.	1.5762e+007
123	3.1783	1.7877	0.	1.0555e+007
124	6.9583	0.75	0.	9.935e+006
125	4.3147	2.25	0.	1.0607e+007
126	1.7394	0.44938	0.	5.2463e+006
127	2.6123	0.44938	0.	7.3402e+006
128	7.6973	2.2024	0.	1.0029e+007
129	9.611e-002	1.1164	0.	2.6404e+007
130	7.6629	0.6875	0.	9.9683e+006
131	7.0362	2.2185	0.	1.0063e+007
132	0.89493	1.5891	0.	1.4446e+007
133	0.83807	1.3891	0.	1.5071e+007
134	4.9954	0.75	0.	9.6172e+006
135	0.98311	1.1647	0.	1.3794e+007
136	0.78593	0.88524	0.	1.1572e+007
137	1.0869	1.8336	0.	1.3542e+007
138	5.4121	1.5106	0.	9.9869e+006
139	1.9334	0.26345	0.	4.9604e+006
140	8.4842	2.1681	0.	1.0011e+007
141	8.4814	0.75	0.	9.9905e+006
142	1.3299	0.94101	0.	1.0132e+007
143	1.1425	0.91489	0.	1.0507e+007
144	1.7573	1.4574	0.	1.1566e+007
145	0.93974	0.54509	0.	2.4144e+006
146	1.0491	0.29638	0.	1.1736e+005
147	1.0232	0.39066	0.	7.9141e+005
148	0.52651	1.1058	0.	1.8208e+007
149	5.0658	2.25	0.	1.0364e+007
150	2.9447	2.4742	0.	1.1768e+007
151	3.0581	0.54734	0.	8.1979e+006
152	1.2123	1.591	0.	1.3518e+007
153	3.6297	2.3621	0.	1.1118e+007
154	1.0644	0.19665	0.	-2.9669e+005
155	2.2398	0.36514	0.	6.2721e+006
156	1.3275	0.41734	0.	3.4238e+006
157	2.3362	0.72973	0.	7.7604e+006
158	0.96292	0.63033	0.	5.0489e+006
159	0.10227	1.2086	0.	2.2768e+007
160	0.16567	1.6216	0.	1.5555e+007
161	4.3221	0.75	0.	9.3698e+006
162	1.4844	0.16698	0.	2.0117e+006
163	0.344	1.0375	0.	2.2803e+007
164	0.97908	0.74004	0.	7.7507e+006
165	2.3219	2.4742	0.	1.2287e+007
166	0.6145	1.1957	0.	1.6812e+007
167	2.2942	1.598	0.	1.0799e+007
168	0.98989	0.8726	0.	1.0347e+007
169	1.1557	0.66215	0.	6.3349e+006
170	3.1827	1.1714	0.	9.3664e+006
171	0.76533	1.0196	0.	1.4227e+007
172	1.0783	9.6369e-002	0.	-3.7656e+005
173	2.7385	1.3847	0.	1.0012e+007
174	1.3022	0.11656	0.	5.8776e+005
175	0.29931	1.1408	0.	2.2263e+007
176	0.26447	2.3356	0.	1.1995e+007
177	0.86371	2.6083	0.	1.1726e+007
178	1.7057	1.194	0.	1.0742e+007
179	0.17292	1.0568	0.	2.7895e+007
180	1.16	0.55251	0.	4.5343e+006
181	0.48733	1.2567	0.	1.7945e+007
182	1.5597	0.57115	0.	5.8937e+006
183	0.92103	2.1338	0.	1.2944e+007
184	0.52062	1.003	0.	1.8058e+007
185	0.68452	0.93683	0.	1.381e+007
186	1.3467	1.3745	0.	1.2796e+007
187	0.88689	0.59673	0.	3.0842e+006
188	2.059	0.84154	0.	8.3326e+006
189	1.0952	0.47592	0.	2.7793e+006
190	0.53631	1.775	0.	1.4289e+007
191	6.3664	0.75	0.	9.8782e+006
192	2.3649	1.1109	0.	9.3222e+006
193	1.2322	0.3403	0.	1.8406e+006
194	1.5449	0.94819	0.	9.5825e+006
195	6.4028	2.25	0.	1.0119e+007
196	0.21853	1.2331	0.	2.1081e+007
197	0.18115	1.8196	0.	1.4099e+007
198	0.485	1.4107	0.	1.6568e+007
199	1.232	0.22448	0.	7.5164e+005
200	0.11701	1.3218	0.	1.9806e+007
201	1.0036	1.0267	0.	1.2579e+007
202	9.1457	2.4679	0.	1.0003e+007
203	9.2407	0.5625	0.	9.9959e+006
204	0.18115	2.071	0.	1.2933e+007
205	1.577	2.0713	0.	1.2602e+007
206	0.10063	1.0468	0.	2.9922e+007
207	0.7947	0.74897	0.	7.5461e+006
208	1.7788	0.68265	0.	7.1327e+006
209	0.44256	0.95641	0.	2.0214e+007
210	0.50635	0.92817	0.	1.7724e+007
211	0.34717	1.6947	0.	1.483e+007
212	1.4099	0.63879	0.	6.6539e+006
213	0.40674	2.1335	0.	1.2789e+007
214	0.14672	1.4545	0.	1.7413e+007
215	1.2975	2.6626	0.	1.2178e+007
216	0.86824	1.0914	0.	1.4055e+007
217	1.0499	0.67514	0.	6.5448e+006
218	0.72273	1.2925	0.	1.5783e+007
219	1.5695	1.3583	0.	1.1892e+007
220	1.2559	2.0319	0.	1.301e+007
221	0.34376	1.2448	0.	1.9481e+007
222	1.2043	0.45795	0.	3.2332e+006
223	8.0273	1.3333	0.	1.0004e+007
224	1.4063	0.76405	0.	8.326e+006
225	0.86443	1.2399	0.	1.4877e+007
226	6.7012	1.4856	0.	1.0003e+007
227	0.31898	1.4942	0.	1.6507e+007
228	1.5245	1.5684	0.	1.2544e+007
229	0.70726	0.81597	0.	9.9216e+006
230	0.37379	0.98071	0.	2.2976e+007
231	1.4143	0.51788	0.	4.9296e+006
232	0.50018	1.5764	0.	1.5434e+007
233	0.67164	1.4637	0.	1.5565e+007
234	0.60512	2.0052	0.	1.3315e+007
235	0.38139	2.6478	0.	1.0929e+007
236	1.7165	1.7505	0.	1.2222e+007
237	1.9841	1.5935	0.	1.1515e+007
