Node Number	X Location (m)	Y Location (m)	Z Location (m)	Normal Stress (Pa)
1	1,25	0,25	0,	3,0766e+007
2	0,25	1,25	0,	-55330
3	1,2469	0,32846	0,	3,0348e+007
4	1,2377	0,40644	0,	2,905e+007
5	1,2224	0,48345	0,	2,6975e+007
6	1,2011	0,55903	0,	2,4288e+007
7	1,1739	0,63274	0,	2,1122e+007
8	1,141	0,70406	0,	1,7703e+007
9	1,1026	0,77259	0,	1,4201e+007
10	1,0589	0,83795	0,	1,0837e+007
11	1,0103	0,8996	0,	7,7564e+006
12	0,95696	0,95725	0,	5,096e+006
13	0,89929	1,0105	0,	2,933e+006
14	0,83761	1,0591	0,	1,3086e+006
15	0,77224	1,1028	0,	2,1298e+005
16	0,70369	1,1412	0,	-4,1527e+005
17	0,63237	1,174	0,	-6,6787e+005
18	0,55864	1,2012	0,	-6,592e+005
19	0,48305	1,2225	0,	-4,9916e+005
20	0,40604	1,2378	0,	-2,9176e+005
21	0,32805	1,2469	0,	-1,2059e+005
22	10,25	0,25	0,	9,6466e+006
23	1,3287	0,25	0,	2,6062e+007
24	1,4149	0,25	0,	2,2365e+007
25	1,5197	0,25	0,	1,9276e+007
26	1,6476	0,25	0,	1,682e+007
27	1,8054	0,25	0,	1,4901e+007
28	2,0047	0,25	0,	1,3454e+007
29	2,2476	0,25	0,	1,2407e+007
30	2,5448	0,25	0,	1,1683e+007
31	2,9119	0,25	0,	1,1186e+007
32	3,3614	0,25	0,	1,0848e+007
33	3,9076	0,25	0,	1,0612e+007
34	4,523	0,25	0,	1,0451e+007
35	5,1591	0,25	0,	1,0337e+007
36	5,7952	0,25	0,	1,0249e+007
37	6,4313	0,25	0,	1,0173e+007
38	7,0675	0,25	0,	1,0103e+007
39	7,7036	0,25	0,	1,0034e+007
40	8,3397	0,25	0,	9,9595e+006
41	8,9758	0,25	0,	9,8757e+006
42	9,612	0,25	0,	9,7754e+006
43	10,25	10,25	0,	1,e+007
44	10,25	0,90055	0,	9,6576e+006
45	10,25	1,5673	0,	9,6903e+006
46	10,25	2,2352	0,	9,7393e+006
47	10,25	2,9031	0,	9,797e+006
48	10,25	3,571	0,	9,8549e+006
49	10,25	4,2389	0,	9,9067e+006
50	10,25	4,9068	0,	9,9479e+006
51	10,25	5,5747	0,	9,9767e+006
52	10,25	6,2426	0,	9,9933e+006
53	10,25	6,9105	0,	9,9999e+006
54	10,25	7,5784	0,	1,e+007
55	10,25	8,2463	0,	9,9977e+006
56	10,25	8,9142	0,	9,9965e+006
57	10,25	9,5821	0,	9,9982e+006
58	0,25	10,25	0,	1,0002e+007
59	9,5821	10,25	0,	9,9999e+006
60	8,9142	10,25	0,	9,9997e+006
61	8,2463	10,25	0,	9,9994e+006
62	7,5784	10,25	0,	9,9991e+006
63	6,9105	10,25	0,	9,9988e+006
64	6,2426	10,25	0,	9,9986e+006
65	5,5747	10,25	0,	9,9984e+006
66	4,9068	10,25	0,	9,9986e+006
67	4,2389	10,25	0,	9,9991e+006
68	3,571	10,25	0,	9,9997e+006
69	2,9031	10,25	0,	1,e+007
70	2,2352	10,25	0,	1,0001e+007
71	1,5673	10,25	0,	1,0002e+007
72	0,90055	10,25	0,	1,0002e+007
73	0,25	9,6133	0,	9,9877e+006
74	0,25	8,9765	0,	9,95e+006
75	0,25	8,3398	0,	9,8938e+006
76	0,25	7,7031	0,	9,8187e+006
77	0,25	7,0663	0,	9,7223e+006
78	0,25	6,4296	0,	9,5967e+006
79	0,25	5,7929	0,	9,4304e+006
80	0,25	5,1562	0,	9,2001e+006
81	0,25	4,5194	0,	8,8716e+006
82	0,25	3,905	0,	8,3895e+006
83	0,25	3,3618	0,	7,7231e+006
84	0,25	2,9148	0,	6,8776e+006
85	0,25	2,5482	0,	5,8585e+006
86	0,25	2,2502	0,	4,7038e+006
87	0,25	2,0066	0,	3,4224e+006
88	0,25	1,8068	0,	2,169e+006
89	0,25	1,6486	0,	1,0281e+006
90	0,25	1,5205	0,	1,3726e+005
91	0,25	1,4154	0,	-3,9906e+005
92	0,25	1,3291	0,	-4,9952e+005
93	7,5266	7,5197	0,	1,0057e+007
94	7,6549	7,0457	0,	1,0068e+007
95	3,6403	2,4892	0,	1,0948e+007
96	3,9118	4,4325	0,	1,0404e+007
97	2,408	2,63	0,	1,0932e+007
98	5,291	5,8189	0,	1,0226e+007
99	2,6343	1,8874	0,	1,1627e+007
100	2,6057	2,3425	0,	1,1275e+007
101	2,4625	2,0306	0,	1,1577e+007
102	4,4415	3,953	0,	1,0504e+007
103	3,1224	2,8736	0,	1,0909e+007
104	6,2155	6,7251	0,	1,0134e+007
105	4,2968	5,1922	0,	1,0292e+007
106	2,8485	1,7028	0,	1,155e+007
107	6,8824	7,2523	0,	1,0085e+007
108	2,1957	2,86	0,	1,0542e+007
109	2,0967	2,4017	0,	1,0954e+007
110	2,8562	4,3893	0,	1,0181e+007
111	2,255	2,2406	0,	1,1305e+007
112	2,2936	1,7805	0,	1,1923e+007
113	2,9479	2,3283	0,	1,1215e+007
114	3,238	2,0853	0,	1,1197e+007
115	4,1838	2,8579	0,	1,0727e+007
116	6,2893	3,6238	0,	1,0299e+007
117	5,5307	3,5527	0,	1,0416e+007
118	2,6674	3,2366	0,	1,0604e+007
119	3,1056	3,7424	0,	1,0502e+007
120	2,3932	1,6328	0,	1,2005e+007
121	2,4906	1,4257	0,	1,2011e+007
122	1,7099	0,79545	0,	1,4794e+007
123	1,7521	0,92354	0,	1,4222e+007
124	1,5741	0,82669	0,	1,5391e+007
125	1,5767	0,9393	0,	1,4751e+007
126	4,4666	6,9512	0,	1,0109e+007
127	5,3168	6,7891	0,	1,0141e+007
128	1,5289	1,0734	0,	1,4059e+007
129	2,1866	1,9992	0,	1,1621e+007
130	1,9157	0,98211	0,	1,3505e+007
131	2,0595	1,7271	0,	1,2066e+007
132	1,4539	0,92993	0,	1,4965e+007
133	3,4587	5,5626	0,	1,0135e+007
134	3,5166	6,3597	0,	1,007e+007
135	1,9166	2,154	0,	1,1125e+007
136	1,7772	2,4769	0,	1,0345e+007
137	1,211	2,0598	0,	8,7922e+006
138	7,0506	6,1674	0,	1,013e+007
139	6,9574	5,3918	0,	1,0169e+007
140	6,9823	4,5052	0,	1,0196e+007
141	7,0673	3,5984	0,	1,0194e+007
142	1,3578	0,83579	0,	1,5904e+007
143	3,4895	7,2407	0,	1,0027e+007
144	1,8028	0,71446	0,	1,4407e+007
145	1,6015	0,72031	0,	1,5799e+007
146	6,7459	7,9935	0,	1,0056e+007
147	7,2881	6,6736	0,	1,0096e+007
148	0,8527	1,4263	0,	5,3555e+006
149	2,291	4,7625	0,	9,8492e+006
150	2,6205	5,8547	0,	9,926e+006
151	2,6207	6,5731	0,	9,9252e+006
152	3,8927	7,9766	0,	1,0033e+007
153	4,6042	7,7931	0,	1,0063e+007
154	5,3472	7,7445	0,	1,0077e+007
155	6,0541	7,8366	0,	1,0071e+007
156	8,1048	6,4246	0,	1,0065e+007
157	7,8984	5,874	0,	1,0086e+007
158	7,8204	4,3999	0,	1,0109e+007
159	2,1754	3,7655	0,	9,9785e+006
160	2,1846	4,2224	0,	9,8576e+006
161	1,9733	3,3173	0,	9,9493e+006
162	1,0378	2,1715	0,	7,7211e+006
163	1,4405	2,5581	0,	9,354e+006
164	6,4183	2,6299	0,	1,027e+007
165	5,6949	2,5836	0,	1,0392e+007
166	5,0616	2,4901	0,	1,0523e+007
167	4,4628	2,2573	0,	1,0679e+007
168	3,8972	1,975	0,	1,0882e+007
169	3,4539	1,7037	0,	1,1102e+007
170	3,0296	1,4275	0,	1,1398e+007
171	2,6014	1,181	0,	1,1875e+007
172	2,2682	1,0045	0,	1,2507e+007
173	2,0131	0,86198	0,	1,3283e+007
174	1,6583	1,0793	0,	1,3975e+007
175	1,8068	1,0998	0,	1,3602e+007
176	2,0907	1,4891	0,	1,2467e+007
177	1,3427	0,91605	0,	1,4886e+007
178	1,304	1,0171	0,	1,3645e+007
179	0,85765	1,3419	0,	5,163e+006
180	0,79347	1,3412	0,	3,9748e+006
181	0,75827	1,3998	0,	3,7005e+006
182	0,8221	1,5212	0,	5,1308e+006
183	1,6861	2,2063	0,	1,0536e+007
184	1,4283	2,1676	0,	9,7118e+006
185	0,90785	1,7523	0,	6,4861e+006
186	8,1849	6,935	0,	1,0051e+007
187	7,8766	3,5724	0,	1,0095e+007
188	7,1383	2,7082	0,	1,0168e+007
189	1,4475	0,80122	0,	1,6117e+007
190	3,4888	8,2677	0,	1,0009e+007
191	0,95816	1,963	0,	7,0374e+006
192	2,5914	7,2945	0,	9,9372e+006
193	1,638	0,62991	0,	1,5934e+007
194	7,4608	8,1163	0,	1,0039e+007
195	0,70099	1,4613	0,	3,1565e+006
196	0,73268	1,6136	0,	4,2203e+006
197	8,2067	7,5818	0,	1,0037e+007
198	7,9178	2,6462	0,	1,0066e+007
199	1,9038	1,9343	0,	1,1561e+007
200	1,4821	0,68692	0,	1,7081e+007
201	3,0146	8,0834	0,	9,9842e+006
202	0,97042	1,3125	0,	7,2116e+006
203	1,1883	1,8388	0,	8,9657e+006
204	0,99131	1,4194	0,	7,5749e+006
205	2,4199	8,0555	0,	9,9484e+006
206	1,5263	0,58384	0,	1,7504e+007
207	1,8656	1,7066	0,	1,2046e+007
208	1,2484	1,1183	0,	1,2322e+007
209	8,4606	2,1374	0,	9,9826e+006
210	8,175	8,2105	0,	1,0025e+007
211	0,62833	1,522	0,	2,538e+006
212	1,4238	1,8885	0,	1,0316e+007
213	0,98197	1,5606	0,	7,3546e+006
214	1,716	8,1357	0,	9,9136e+006
215	0,52446	1,562	0,	1,6898e+006
216	0,55735	1,4139	0,	1,0813e+006
217	0,63267	1,3746	0,	1,6918e+006
218	0,69389	1,3286	0,	2,2043e+006
219	0,76221	1,2873	0,	2,9862e+006
220	0,84647	1,248	0,	4,3878e+006
221	0,93126	1,2158	0,	6,1655e+006
222	1,0139	1,168	0,	7,9991e+006
223	1,0897	1,1087	0,	9,7966e+006
224	1,1557	1,038	0,	1,1509e+007
225	1,2094	0,95861	0,	1,314e+007
226	1,2464	0,87222	0,	1,4769e+007
227	1,2912	0,79153	0,	1,6464e+007
228	1,3421	0,71802	0,	1,7724e+007
229	1,5557	0,47987	0,	1,7768e+007
230	0,60271	1,6835	0,	3,0839e+006
231	0,66864	1,8266	0,	4,2822e+006
232	1,8665	1,4791	0,	1,2629e+007
233	1,0766	1,2689	0,	9,1478e+006
234	1,1697	1,2007	0,	1,0844e+007
235	2,0151	0,64439	0,	1,3355e+007
236	1,8493	0,5857	0,	1,432e+007
237	0,72824	2,0215	0,	5,4496e+006
238	0,88731	2,3417	0,	7,0151e+006
239	2,719	0,92011	0,	1,1618e+007
240	2,3188	0,7625	0,	1,2313e+007
241	1,0317	2,6286	0,	7,8907e+006
242	1,2344	3,0283	0,	8,6695e+006
243	3,5472	1,2342	0,	1,0957e+007
244	3,1025	1,0613	0,	1,124e+007
245	1,3899	3,4488	0,	9,0438e+006
246	1,4801	3,8654	0,	9,2272e+006
247	4,0583	1,4214	0,	1,0741e+007
248	5,7953	1,8016	0,	1,0329e+007
249	5,1742	1,7225	0,	1,0444e+007
250	6,4491	1,8483	0,	1,0228e+007
251	8,3789	1,6132	0,	9,9763e+006
252	7,7641	1,743	0,	1,0055e+007
253	8,949	2,2845	0,	9,9263e+006
254	8,6232	4,3271	0,	1,003e+007
255	8,661	3,6038	0,	1,0008e+007
256	8,6302	5,025	0,	1,0039e+007
257	8,8075	6,3021	0,	1,0033e+007
258	8,8756	7,5792	0,	1,0021e+007
259	6,7813	8,741	0,	1,0027e+007
260	4,7567	8,6362	0,	1,0031e+007
261	5,4135	8,6129	0,	1,0036e+007
262	4,1404	8,7671	0,	1,0019e+007
263	2,9039	8,8327	0,	9,9897e+006
264	1,7587	7,456	0,	9,8606e+006
265	1,8074	6,1115	0,	9,7334e+006
266	1,5445	4,2927	0,	9,3621e+006
267	1,6362	4,9106	0,	9,5211e+006
268	1,6399	8,8486	0,	9,9576e+006
269	8,8678	8,8976	0,	1,0007e+007
270	9,0193	1,5736	0,	9,8916e+006
271	0,47046	1,4402	0,	4,7835e+005
272	1,4341	0,45215	0,	2,0441e+007
273	0,94298	5,0534	0,	9,266e+006
274	0,98203	5,6724	0,	9,4672e+006
275	1,0292	6,9248	0,	9,7305e+006
276	1,0105	7,5746	0,	9,8213e+006
277	0,98615	8,235	0,	9,8931e+006
278	0,95794	8,9027	0,	9,9491e+006
279	0,93221	9,5768	0,	9,9874e+006
280	1,593	9,5584	0,	9,9895e+006
281	2,2466	9,5473	0,	9,9932e+006
282	2,8956	9,5485	0,	9,9976e+006
283	3,5522	9,5487	0,	1,0002e+007
284	4,2098	9,5097	0,	1,0005e+007
285	4,8527	9,4593	0,	1,0008e+007
286	5,4987	9,4445	0,	1,0009e+007
287	6,1635	9,4753	0,	1,0008e+007
288	6,8373	9,4958	0,	1,0007e+007
289	7,516	9,526	0,	1,0005e+007
290	8,1993	9,5495	0,	1,0003e+007
291	8,8799	9,5697	0,	1,0002e+007
292	9,565	9,5738	0,	1,e+007
293	9,5556	8,9075	0,	1,0003e+007
294	9,5554	8,2469	0,	1,0006e+007
295	9,5511	7,5822	0,	1,0008e+007
296	9,5407	6,9227	0,	1,0009e+007
297	9,5203	6,2626	0,	1,0006e+007
298	9,4848	5,6066	0,	9,9973e+006
299	9,4559	4,9518	0,	9,9824e+006
300	9,4422	4,2857	0,	9,9596e+006
301	9,4604	3,6168	0,	9,928e+006
302	9,5906	2,2688	0,	9,8408e+006
303	9,62	1,5898	0,	9,8033e+006
304	0,88638	4,4504	0,	8,9793e+006
305	9,6213	0,91156	0,	9,7812e+006
306	8,9894	0,91708	0,	9,8796e+006
307	8,3543	0,94263	0,	9,9637e+006
308	7,725	0,9887	0,	1,0039e+007
309	7,0828	1,0289	0,	1,0113e+007
310	6,4498	1,0388	0,	1,0188e+007
311	5,8153	1,0178	0,	1,0271e+007
312	5,2043	0,97627	0,	1,0364e+007
313	4,6092	0,90981	0,	1,0478e+007
314	0,84173	3,9393	0,	8,6419e+006
315	4,0568	0,82764	0,	1,0624e+007
316	0,80306	3,4728	0,	8,212e+006
317	3,5428	0,74187	0,	1,0823e+007
318	0,74263	3,0439	0,	7,617e+006
319	3,0951	0,66888	0,	1,1102e+007
320	0,65013	2,6515	0,	6,7275e+006
321	2,6972	0,59539	0,	1,1517e+007
322	0,5812	2,3517	0,	5,7158e+006
323	2,352	0,52642	0,	1,2141e+007
324	0,51847	2,0886	0,	4,5093e+006
325	2,0213	0,44904	0,	1,3343e+007
326	1,129	1,3727	0,	9,642e+006
327	1,6361	1,2721	0,	1,3234e+007
328	0,4516	1,842	0,	2,9183e+006
329	0,4281	1,698	0,	1,8671e+006
330	1,7007	0,39319	0,	1,5961e+007
331	0,3951	1,5665	0,	8,1913e+005
332	1,5602	0,36943	0,	1,817e+007
333	0,3674	1,4452	0,	-60110
334	1,4385	0,35483	0,	2,1169e+007
335	1,3253	0,3413	0,	2,5634e+007
336	1,3149	0,42549	0,	2,4731e+007
337	1,2976	0,50994	0,	2,3319e+007
338	1,2718	0,5914	0,	2,153e+007
339	1,2418	0,66871	0,	1,9434e+007
340	1,2076	0,74322	0,	1,7106e+007
341	1,1665	0,81797	0,	1,4608e+007
342	1,1196	0,88815	0,	1,2147e+007
343	1,0673	0,95561	0,	9,7941e+006
344	1,0086	1,0178	0,	7,5954e+006
345	0,94411	1,0738	0,	5,5872e+006
346	0,87575	1,1243	0,	3,8724e+006
347	0,80638	1,1683	0,	2,5213e+006
348	0,73079	1,2095	0,	1,4581e+006
349	0,65833	1,2444	0,	7,7313e+005
350	0,5883	1,2725	0,	2,9978e+005
351	0,51334	1,2972	0,	-53233
352	0,4313	1,3165	0,	-3,1334e+005
353	0,34503	1,3281	0,	-4,6657e+005
354	1,1649	1,6929	0,	9,1327e+006
355	1,3475	1,192	0,	1,274e+007
356	1,6409	1,6833	0,	1,177e+007
357	1,1709	1,538	0,	9,6211e+006
358	1,4024	1,665	0,	1,0908e+007
359	1,6144	1,4546	0,	1,2523e+007
360	1,4793	1,2581	0,	1,3008e+007
361	1,3917	1,4574	0,	1,1698e+007
362	2,2872	8,8179	0,	9,9724e+006
363	1,4061	1,0503	0,	1,3973e+007
364	1,412	0,54647	0,	1,9748e+007
365	1,2531	1,3058	0,	1,1344e+007
366	2,511	5,2352	0,	9,9164e+006
367	7,4782	8,8135	0,	1,0019e+007
368	8,8687	8,2347	0,	1,0014e+007
369	4,3978	6,0829	0,	1,0181e+007
370	1,8693	1,272	0,	1,312e+007
371	1,3825	0,63926	0,	1,8761e+007
372	8,77	2,9276	0,	9,9732e+006
373	4,8518	3,2149	0,	1,055e+007
374	1,7333	5,4964	0,	9,64e+006
375	1,0196	6,2928	0,	9,6169e+006
376	1,8546	0,41856	0,	1,4442e+007
377	8,1711	8,868	0,	1,0013e+007
378	8,8011	6,9287	0,	1,0029e+007
379	6,1526	4,602	0,	1,0279e+007
380	1,6424	1,9013	0,	1,1113e+007
381	1,7264	2,9481	0,	9,7786e+006
382	1,8289	6,7611	0,	9,8048e+006
383	9,5205	2,9486	0,	9,8868e+006
384	7,1262	1,8124	0,	1,0136e+007
385	6,097	8,6938	0,	1,0032e+007
386	4,5796	1,5833	0,	1,0583e+007
387	7,7956	5,1663	0,	1,0106e+007
388	6,1167	5,6101	0,	1,0215e+007
389	5,2057	4,6622	0,	1,0357e+007
390	8,7057	5,6776	0,	1,0038e+007
391	1,6756	0,51871	0,	1,5963e+007
392	3,3154	4,803	0,	1,023e+007
393	2,1407	1,2359	0,	1,269e+007
394	3,5261	8,8697	0,	1,0005e+007
395	3,8134	3,3839	0,	1,0678e+007
396	1,2492	0,28926	0,	3,0557e+007
397	1,2893	0,25	0,	2,8414e+007
398	0,28906	1,2492	0,	-87962
399	0,25	1,2895	0,	-2,7742e+005
400	1,2431	0,36754	0,	2,9699e+007
401	1,2861	0,33488	0,	2,7991e+007
402	1,2308	0,4451	0,	2,8013e+007
403	1,2763	0,41596	0,	2,6891e+007
404	1,2125	0,52145	0,	2,5632e+007
405	1,26	0,4967	0,	2,5147e+007
406	1,1882	0,59615	0,	2,2705e+007
407	1,2364	0,57521	0,	2,2909e+007
408	1,1581	0,66872	0,	1,9412e+007
409	1,2078	0,65073	0,	2,0278e+007
410	1,1225	0,7387	0,	1,5952e+007
411	1,1743	0,72364	0,	1,7404e+007
412	1,0814	0,8057	0,	1,2519e+007
413	1,1346	0,79528	0,	1,4405e+007
414	1,0352	0,86925	0,	9,2967e+006
415	1,0892	0,86305	0,	1,1492e+007
416	0,98418	0,92895	0,	6,4262e+006
417	1,0388	0,92761	0,	8,7752e+006
418	0,92865	0,98446	0,	4,0145e+006
419	0,9828	0,98752	0,	6,3457e+006
420	0,86893	1,0354	0,	2,1208e+006
421	0,9217	1,0422	0,	4,2601e+006
422	0,80536	1,0816	0,	7,608e+005
423	0,85668	1,0917	0,	2,5905e+006
424	0,73835	1,1227	0,	-1,0115e+005
425	0,78931	1,1356	0,	1,3671e+006
426	0,66835	1,1583	0,	-5,4157e+005
427	0,71724	1,1753	0,	5,2141e+005
428	0,59577	1,1883	0,	-6,6353e+005
429	0,64535	1,2092	0,	52628
430	0,52105	1,2126	0,	-5,7918e+005
431	0,57347	1,2368	0,	-1,7971e+005
432	0,44469	1,2309	0,	-3,9546e+005
433	0,4982	1,2598	0,	-2,762e+005
434	0,36713	1,2431	0,	-2,0618e+005
435	0,41867	1,2771	0,	-3,0255e+005
436	0,33654	1,2875	0,	-2,9358e+005
437	9,931	0,25	0,	9,711e+006
438	10,25	0,57527	0,	9,6521e+006
439	1,3718	0,25	0,	2,4214e+007
440	1,327	0,29565	0,	2,5848e+007
441	1,4673	0,25	0,	2,0821e+007
442	1,4267	0,30241	0,	2,1767e+007
443	1,5837	0,25	0,	1,8048e+007
444	1,54	0,30972	0,	1,8723e+007
445	1,7265	0,25	0,	1,5861e+007
446	1,6741	0,32159	0,	1,639e+007
447	1,905	0,25	0,	1,4177e+007
448	1,83	0,33428	0,	1,4672e+007
449	2,1261	0,25	0,	1,293e+007
450	2,013	0,34952	0,	1,3399e+007
451	2,3962	0,25	0,	1,2045e+007
452	2,2998	0,38821	0,	1,2274e+007
453	2,7283	0,25	0,	1,1435e+007
454	2,621	0,42269	0,	1,16e+007
455	3,1367	0,25	0,	1,1017e+007
456	3,0035	0,45944	0,	1,1144e+007
457	3,6345	0,25	0,	1,073e+007
458	3,4521	0,49593	0,	1,0836e+007
459	4,2153	0,25	0,	1,0532e+007
460	3,9822	0,53882	0,	1,0618e+007
461	4,841	0,25	0,	1,0394e+007
462	4,5661	0,5799	0,	1,0465e+007
463	5,4772	0,25	0,	1,0293e+007
464	5,1817	0,61313	0,	1,035e+007
465	6,1133	0,25	0,	1,0211e+007
466	5,8052	0,63391	0,	1,026e+007
467	6,7494	0,25	0,	1,0138e+007
468	6,4406	0,64439	0,	1,0181e+007
469	7,3855	0,25	0,	1,0069e+007
470	7,0751	0,63946	0,	1,0108e+007
471	8,0217	0,25	0,	9,9966e+006
472	7,7143	0,61935	0,	1,0036e+007
473	8,6578	0,25	0,	9,9176e+006
474	8,347	0,59631	0,	9,9616e+006
475	9,2939	0,25	0,	9,8256e+006
476	8,9826	0,58354	0,	9,8777e+006
477	9,6166	0,58078	0,	9,7783e+006
478	10,25	9,916	0,	9,9992e+006
479	9,9161	10,25	0,	1,e+007
480	10,25	1,2339	0,	9,674e+006
481	9,9357	0,90606	0,	9,7194e+006
482	10,25	1,9013	0,	9,7148e+006
483	9,935	1,5786	0,	9,7468e+006
484	10,25	2,5692	0,	9,7682e+006
485	9,9203	2,252	0,	9,7901e+006
486	10,25	3,2371	0,	9,826e+006
487	9,8853	2,9258	0,	9,8419e+006
488	10,25	3,905	0,	9,8808e+006
489	9,8552	3,5939	0,	9,8914e+006
490	10,25	4,5729	0,	9,9273e+006
491	9,8461	4,2623	0,	9,9332e+006
492	10,25	5,2408	0,	9,9623e+006
493	9,853	4,9293	0,	9,9652e+006
494	10,25	5,9087	0,	9,985e+006
495	9,8674	5,5906	0,	9,987e+006
496	10,25	6,5766	0,	9,9966e+006
497	9,8852	6,2526	0,	9,9996e+006
498	10,25	7,2445	0,	9,9999e+006
499	9,8954	6,9166	0,	1,0004e+007
500	10,25	7,9124	0,	9,9988e+006
501	9,9005	7,5803	0,	1,0004e+007
502	10,25	8,5803	0,	9,9971e+006
503	9,9027	8,2466	0,	1,0002e+007
504	10,25	9,2482	0,	9,9973e+006
505	9,9028	8,9108	0,	9,9995e+006
506	9,9075	9,578	0,	9,9993e+006
507	0,57528	10,25	0,	1,0002e+007
508	0,25	9,9316	0,	9,9951e+006
509	9,2482	10,25	0,	9,9998e+006
510	9,5736	9,9119	0,	1,e+007
511	8,5803	10,25	0,	9,9995e+006
512	8,8971	9,9098	0,	1,0001e+007
513	7,9124	10,25	0,	9,9993e+006
514	8,2228	9,8998	0,	1,0001e+007
515	7,2445	10,25	0,	9,9989e+006
516	7,5472	9,888	0,	1,0002e+007
517	6,5766	10,25	0,	9,9987e+006
518	6,8739	9,8729	0,	1,0003e+007
519	5,9087	10,25	0,	9,9985e+006
520	6,2031	9,8626	0,	1,0003e+007
521	5,2408	10,25	0,	9,9985e+006
522	5,5367	9,8473	0,	1,0004e+007
523	4,5729	10,25	0,	9,9988e+006
524	4,8797	9,8547	0,	1,0003e+007
525	3,905	10,25	0,	9,9994e+006
526	4,2244	9,8798	0,	1,0002e+007
527	3,2371	10,25	0,	1,e+007
528	3,5616	9,8993	0,	1,0001e+007
529	2,5692	10,25	0,	1,0001e+007
530	2,8994	9,8992	0,	9,999e+006
531	1,9013	10,25	0,	1,0002e+007
532	2,2409	9,8986	0,	9,9972e+006
533	1,2339	10,25	0,	1,0002e+007
534	1,5802	9,9042	0,	9,9957e+006
535	0,91638	9,9134	0,	9,9948e+006
536	0,25	9,2949	0,	9,9689e+006
537	0,5911	9,595	0,	9,9875e+006
538	0,25	8,6582	0,	9,9219e+006
539	0,60397	8,9396	0,	9,9495e+006
540	0,25	8,0214	0,	9,8563e+006
541	0,61807	8,2874	0,	9,8934e+006
542	0,25	7,3847	0,	9,7705e+006
543	0,63023	7,6388	0,	9,82e+006
544	0,25	6,748	0,	9,6595e+006
545	0,63959	6,9956	0,	9,7264e+006
546	0,25	6,1112	0,	9,5135e+006
547	0,63482	6,3612	0,	9,6068e+006
548	0,25	5,4745	0,	9,3153e+006
549	0,61601	5,7326	0,	9,4488e+006
550	0,25	4,8378	0,	9,0359e+006
551	0,59649	5,1048	0,	9,2331e+006
552	0,25	4,2122	0,	8,6306e+006
553	0,56819	4,4849	0,	8,9254e+006
554	0,25	3,6334	0,	8,0563e+006
555	0,54587	3,9221	0,	8,5157e+006
556	0,25	3,1383	0,	7,3004e+006
557	0,52653	3,4173	0,	7,9675e+006
558	0,25	2,7315	0,	6,368e+006
559	0,49632	2,9794	0,	7,2473e+006
560	0,25	2,3992	0,	5,2812e+006
561	0,45007	2,5998	0,	6,293e+006
562	0,25	2,1284	0,	4,0631e+006
563	0,4156	2,3009	0,	5,2098e+006
564	0,25	1,9067	0,	2,7957e+006
565	0,38423	2,0476	0,	3,9659e+006
566	0,25	1,7277	0,	1,5985e+006
567	0,3508	1,8244	0,	2,5436e+006
568	0,25	1,5845	0,	5,8268e+005
569	0,33905	1,6733	0,	1,4476e+006
570	0,25	1,4679	0,	-1,309e+005
571	0,32255	1,5435	0,	4,7819e+005
572	0,25	1,3722	0,	-4,4929e+005
573	0,3087	1,4303	0,	-2,2959e+005
574	0,29752	1,3286	0,	-4,8304e+005
575	7,5907	7,2827	0,	1,0062e+007
576	7,2045	7,386	0,	1,0071e+007
577	7,4937	7,818	0,	1,0048e+007
578	7,8666	7,5508	0,	1,0047e+007
579	7,4715	6,8597	0,	1,0082e+007
580	7,9199	6,9903	0,	1,0059e+007
581	3,3814	2,6814	0,	1,0928e+007
582	3,4391	2,2873	0,	1,1072e+007
583	3,912	2,6736	0,	1,0837e+007
584	3,7688	2,2321	0,	1,0915e+007
585	4,1767	4,1927	0,	1,0454e+007
586	4,1043	4,8123	0,	1,0348e+007
587	3,5087	4,0874	0,	1,0453e+007
588	3,6136	4,6177	0,	1,0317e+007
589	2,5068	2,4862	0,	1,1103e+007
590	2,7652	2,7518	0,	1,092e+007
591	2,3019	2,745	0,	1,0737e+007
592	2,2524	2,5159	0,	1,0943e+007
593	5,3039	6,304	0,	1,0184e+007
594	4,8444	5,9509	0,	1,0204e+007
595	5,7039	5,7145	0,	1,0221e+007
596	5,2484	5,2405	0,	1,0292e+007
597	2,5484	1,959	0,	1,1602e+007
598	2,7414	1,7951	0,	1,1589e+007
599	2,7911	2,1079	0,	1,1421e+007
600	2,5137	1,7601	0,	1,1816e+007
601	2,5341	2,1865	0,	1,1426e+007
602	2,4303	2,2915	0,	1,129e+007
603	2,7768	2,3354	0,	1,1245e+007
604	2,378	1,9056	0,	1,175e+007
605	2,3245	2,0149	0,	1,1599e+007
606	4,6467	3,5839	0,	1,0527e+007
607	4,8236	4,3076	0,	1,043e+007
608	4,1274	3,6685	0,	1,0591e+007
609	3,0352	2,601	0,	1,1062e+007
610	2,8949	3,0551	0,	1,0756e+007
611	3,4679	3,1287	0,	1,0793e+007
612	6,549	6,9887	0,	1,0109e+007
613	5,7662	6,7571	0,	1,0138e+007
614	6,633	6,4463	0,	1,0132e+007
615	6,1348	7,2809	0,	1,0103e+007
616	6,1661	6,1676	0,	1,0174e+007
617	3,8777	5,3774	0,	1,0214e+007
618	4,3473	5,6375	0,	1,0236e+007
619	4,7513	4,9272	0,	1,0324e+007
620	3,0432	1,8941	0,	1,1374e+007
621	2,6695	1,5642	0,	1,1781e+007
622	2,9391	1,5651	0,	1,1474e+007
623	6,8142	7,6229	0,	1,007e+007
624	7,0853	6,963	0,	1,009e+007
625	2,4316	3,0483	0,	1,0573e+007
626	1,9865	2,6685	0,	1,0443e+007
627	1,9611	2,9041	0,	1,016e+007
628	2,1759	2,3212	0,	1,1129e+007
629	2,0067	2,2779	0,	1,104e+007
630	1,937	2,4393	0,	1,0649e+007
631	2,9809	4,0658	0,	1,0341e+007
632	2,5736	4,5759	0,	1,0015e+007
633	2,5204	4,3059	0,	1,0019e+007
634	3,0858	4,5961	0,	1,0206e+007
635	2,2208	2,1199	0,	1,1463e+007
636	2,0858	2,1973	0,	1,1215e+007
637	2,3434	1,7067	0,	1,1964e+007
638	2,1766	1,7538	0,	1,1994e+007
639	3,0929	2,2068	0,	1,1206e+007
640	3,3459	1,8945	0,	1,1149e+007
641	4,3233	2,5576	0,	1,0703e+007
642	4,5178	3,0364	0,	1,0639e+007
643	3,9986	3,1209	0,	1,0703e+007
644	5,91	3,5883	0,	1,0358e+007
645	6,6783	3,6111	0,	1,0247e+007
646	6,3538	3,1269	0,	1,0284e+007
647	6,2209	4,1129	0,	1,0289e+007
648	5,6128	3,0682	0,	1,0404e+007
649	5,1913	3,3838	0,	1,0483e+007
650	5,3682	4,1074	0,	1,0386e+007
651	2,8865	3,4895	0,	1,0553e+007
652	2,3204	3,2769	0,	1,0277e+007
653	2,6405	3,7539	0,	1,024e+007
654	3,4595	3,5632	0,	1,059e+007
655	2,4419	1,5292	0,	1,2008e+007
656	2,2419	1,5609	0,	1,2236e+007
657	2,546	1,3033	0,	1,1943e+007
658	2,3156	1,3308	0,	1,235e+007
659	1,731	0,85949	0,	1,4508e+007
660	1,642	0,81107	0,	1,5092e+007
661	1,7564	0,75496	0,	1,46e+007
662	1,6557	0,75788	0,	1,5297e+007
663	1,6644	0,93142	0,	1,4487e+007
664	1,8339	0,95282	0,	1,3864e+007
665	1,8826	0,89276	0,	1,3753e+007
666	1,7052	1,0014	0,	1,4099e+007
667	1,5754	0,883	0,	1,5071e+007
668	1,5878	0,7735	0,	1,5595e+007
669	1,5108	0,81395	0,	1,5754e+007
670	1,5528	1,0064	0,	1,4405e+007
671	1,5153	0,93462	0,	1,4858e+007
672	4,8917	6,8701	0,	1,0125e+007
673	3,978	7,096	0,	1,0068e+007
674	4,5354	7,3722	0,	1,0086e+007
675	4,4322	6,5171	0,	1,0145e+007
676	5,332	7,2668	0,	1,0109e+007
677	1,5936	1,0764	0,	1,4017e+007
678	1,5041	1,1658	0,	1,3533e+007
679	1,4675	1,0618	0,	1,4016e+007
680	2,123	1,8631	0,	1,1844e+007
681	2,0452	1,9667	0,	1,1591e+007
682	1,9644	0,92204	0,	1,3394e+007
683	1,8613	1,0409	0,	1,3554e+007
684	2,0282	1,109	0,	1,3098e+007
685	2,0751	1,6081	0,	1,2267e+007
686	1,9626	1,7169	0,	1,2056e+007
687	1,3983	0,92299	0,	1,4926e+007
688	1,4507	0,86558	0,	1,5541e+007
689	1,43	0,99009	0,	1,4469e+007
690	3,4876	5,9611	0,	1,0103e+007
691	3,0396	5,7087	0,	1,0031e+007
692	3,387	5,1828	0,	1,0183e+007
693	3,503	6,8002	0,	1,0049e+007
694	3,0687	6,4664	0,	9,9979e+006
695	3,9572	6,2213	0,	1,0126e+007
696	1,8013	2,1802	0,	1,0831e+007
697	1,9102	2,0441	0,	1,1343e+007
698	1,6089	2,5175	0,	9,8494e+006
699	1,7317	2,3416	0,	1,044e+007
700	1,1244	2,1157	0,	8,2566e+006
701	1,3196	2,1137	0,	9,252e+006
702	1,1996	1,9493	0,	8,879e+006
703	7,004	5,7796	0,	1,0149e+007
704	7,1694	6,4205	0,	1,0113e+007
705	7,4745	6,0207	0,	1,0108e+007
706	6,9699	4,9485	0,	1,0182e+007
707	7,3765	5,279	0,	1,0138e+007
708	6,537	5,5009	0,	1,0192e+007
709	7,0248	4,0518	0,	1,0195e+007
710	7,4014	4,4526	0,	1,0152e+007
711	6,5675	4,5536	0,	1,0237e+007
712	7,4719	3,5854	0,	1,0144e+007
713	7,1028	3,1533	0,	1,0181e+007
714	1,3502	0,87592	0,	1,5395e+007
715	1,4026	0,8185	0,	1,601e+007
716	1,3245	0,81366	0,	1,6184e+007
717	3,6911	7,6087	0,	1,003e+007
718	3,0405	7,2676	0,	9,982e+006
719	3,252	7,662	0,	1,0006e+007
720	1,908	0,78822	0,	1,3845e+007
721	1,7204	0,67219	0,	1,5171e+007
722	1,8261	0,65008	0,	1,4364e+007
723	1,6197	0,67511	0,	1,5867e+007
724	1,5418	0,70361	0,	1,644e+007
725	6,4	7,9151	0,	1,0064e+007
726	7,1034	8,0549	0,	1,0047e+007
727	6,7636	8,3673	0,	1,0041e+007
728	7,6965	6,5491	0,	1,008e+007
729	0,85518	1,3841	0,	5,2592e+006
730	0,80548	1,413	0,	4,528e+006
731	0,8374	1,4737	0,	5,2431e+006
732	0,922	1,4228	0,	6,4652e+006
733	2,2378	4,4924	0,	9,8534e+006
734	1,9636	4,8365	0,	9,6851e+006
735	2,401	4,9988	0,	9,8828e+006
736	2,6206	6,2139	0,	9,9256e+006
737	2,214	5,9831	0,	9,8297e+006
738	2,5658	5,545	0,	9,9212e+006
739	2,6061	6,9338	0,	9,9312e+006
740	2,2248	6,6671	0,	9,865e+006
741	4,2485	7,8849	0,	1,0048e+007
742	3,6908	8,1222	0,	1,0021e+007
743	4,0165	8,3719	0,	1,0026e+007
744	4,9757	7,7688	0,	1,007e+007
745	4,6804	8,2147	0,	1,0047e+007
746	5,7006	7,7905	0,	1,0074e+007
747	5,3803	8,1787	0,	1,0057e+007
748	6,0755	8,2652	0,	1,0052e+007
749	8,0016	6,1493	0,	1,0076e+007
750	8,1449	6,6798	0,	1,0058e+007
751	8,4562	6,3633	0,	1,0049e+007
752	7,847	5,5201	0,	1,0096e+007
753	8,302	5,7758	0,	1,0062e+007
754	7,8485	3,9861	0,	1,0102e+007
755	8,2218	4,3635	0,	1,0069e+007
756	7,808	4,7831	0,	1,0108e+007
757	2,18	3,9939	0,	9,9181e+006
758	2,0744	3,5414	0,	9,9639e+006
759	1,8278	3,8154	0,	9,6029e+006
760	1,8646	4,2576	0,	9,6099e+006
761	1,6816	3,383	0,	9,4966e+006
762	1,8499	3,1327	0,	9,864e+006
763	1,2391	2,3648	0,	8,5375e+006
764	0,99796	2,0672	0,	7,3792e+006
765	0,96254	2,2566	0,	7,3681e+006
766	1,4344	2,3628	0,	9,5329e+006
767	1,2361	2,5933	0,	8,6224e+006
768	1,5835	2,7531	0,	9,5663e+006
769	6,0566	2,6068	0,	1,0331e+007
770	6,7783	2,669	0,	1,0219e+007
771	6,4337	2,2391	0,	1,0249e+007
772	5,3782	2,5369	0,	1,0457e+007
773	5,7451	2,1926	0,	1,036e+007
774	4,7622	2,3737	0,	1,0601e+007
775	5,1179	2,1063	0,	1,0484e+007
776	4,9567	2,8525	0,	1,0536e+007
777	4,18	2,1161	0,	1,0781e+007
778	4,5212	1,9203	0,	1,0631e+007
779	3,6756	1,8393	0,	1,0992e+007
780	3,9778	1,6982	0,	1,0812e+007
781	3,2418	1,5656	0,	1,125e+007
782	3,5006	1,4689	0,	1,103e+007
783	2,8155	1,3042	0,	1,1636e+007
784	3,0661	1,2444	0,	1,1319e+007
785	2,4348	1,0927	0,	1,2191e+007
786	2,6602	1,0506	0,	1,1746e+007
787	2,1407	0,93322	0,	1,2895e+007
788	2,2935	0,88348	0,	1,241e+007
789	2,2044	1,1202	0,	1,2598e+007
790	2,0141	0,75318	0,	1,3319e+007
791	1,7325	1,0896	0,	1,3788e+007
792	1,6472	1,1757	0,	1,3604e+007
793	1,8381	1,1859	0,	1,3361e+007
794	1,9786	1,4841	0,	1,2548e+007
795	2,1157	1,3625	0,	1,2578e+007
796	1,3233	0,96658	0,	1,4265e+007
797	1,2945	0,89414	0,	1,4827e+007
798	1,2762	1,0677	0,	1,2983e+007
799	1,2567	0,98786	0,	1,3393e+007
800	1,355	1,0337	0,	1,3809e+007
801	0,82556	1,3416	0,	4,5689e+006
802	0,91404	1,3272	0,	6,1873e+006
803	0,85206	1,295	0,	4,7754e+006
804	0,77587	1,3705	0,	3,8377e+006
805	0,77784	1,3143	0,	3,4805e+006
806	0,72963	1,4306	0,	3,4285e+006
807	0,72608	1,3642	0,	2,9524e+006
808	0,76154	1,4913	0,	4,1437e+006
809	0,77739	1,5674	0,	4,6755e+006
810	0,90203	1,5409	0,	6,2427e+006
811	1,5572	2,1869	0,	1,0124e+007
812	1,6643	2,0538	0,	1,0825e+007
813	1,4261	2,028	0,	1,0014e+007
814	0,933	1,8576	0,	6,7618e+006
815	0,82027	1,6829	0,	5,3532e+006
816	0,94491	1,6564	0,	6,9204e+006
817	0,78824	1,7895	0,	5,3841e+006
818	1,0364	1,7226	0,	7,8094e+006
819	8,1958	7,2584	0,	1,0044e+007
820	8,493	6,9318	0,	1,004e+007
821	7,8972	3,1093	0,	1,008e+007
822	8,2688	3,5881	0,	1,0051e+007
823	7,5281	2,6772	0,	1,0117e+007
824	7,1323	2,2603	0,	1,0152e+007
825	1,4648	0,74407	0,	1,6599e+007
826	1,3948	0,75962	0,	1,692e+007
827	3,2517	8,1755	0,	9,9965e+006
828	3,5074	8,5687	0,	1,0007e+007
829	1,0732	1,9009	0,	8,0016e+006
830	0,8432	1,9922	0,	6,2435e+006
831	2,5057	7,675	0,	9,9428e+006
832	2,175	7,3753	0,	9,8989e+006
833	1,5822	0,60688	0,	1,6719e+007
834	1,6568	0,57431	0,	1,5949e+007
835	7,8179	8,1634	0,	1,0032e+007
836	7,4695	8,4649	0,	1,0029e+007
837	0,66466	1,4917	0,	2,8473e+006
838	0,66683	1,418	0,	2,4242e+006
839	0,68051	1,5678	0,	3,3791e+006
840	0,6677	1,6486	0,	3,6521e+006
841	8,1908	7,8961	0,	1,0031e+007
842	8,5411	7,5805	0,	1,0029e+007
843	8,1892	2,3918	0,	1,0024e+007
844	7,841	2,1946	0,	1,006e+007
845	8,3439	2,7869	0,	1,002e+007
846	1,8847	1,8204	0,	1,1804e+007
847	1,7731	1,9178	0,	1,1337e+007
848	1,5042	0,63538	0,	1,7293e+007
849	1,4323	0,66309	0,	1,7921e+007
850	2,7172	8,0694	0,	9,9663e+006
851	2,9592	8,458	0,	9,987e+006
852	0,98087	1,3659	0,	7,3932e+006
853	0,95084	1,2641	0,	6,6885e+006
854	1,0235	1,2907	0,	8,1797e+006
855	1,306	1,8637	0,	9,6411e+006
856	1,1766	1,7659	0,	9,0492e+006
857	0,98664	1,49	0,	7,4647e+006
858	1,0602	1,396	0,	8,6084e+006
859	2,0679	8,0956	0,	9,931e+006
860	2,3536	8,4367	0,	9,9604e+006
861	1,541	0,53185	0,	1,7636e+007
862	1,4692	0,56516	0,	1,8626e+007
863	1,8661	1,5928	0,	1,2337e+007
864	1,7533	1,6949	0,	1,1908e+007
865	1,2021	1,0781	0,	1,1915e+007
866	1,2091	1,1595	0,	1,1583e+007
867	1,2979	1,1551	0,	1,2531e+007
868	8,4198	1,8753	0,	9,9795e+006
869	8,7048	2,211	0,	9,9544e+006
870	8,5218	8,2226	0,	1,0019e+007
871	8,173	8,5393	0,	1,0019e+007
872	0,57639	1,542	0,	2,1139e+006
873	0,59284	1,468	0,	1,8097e+006
874	1,4131	1,7767	0,	1,0612e+007
875	1,5331	1,8949	0,	1,0715e+007
876	1,0765	1,5493	0,	8,4878e+006
877	1,7373	7,7959	0,	9,8871e+006
878	1,6779	8,4922	0,	9,9356e+006
879	1,3511	8,1853	0,	9,9033e+006
880	0,56359	1,6228	0,	2,3869e+006
881	0,49746	1,5011	0,	1,0841e+006
882	0,45978	1,5643	0,	1,2545e+006
883	0,59501	1,3943	0,	1,3866e+006
884	0,51391	1,4271	0,	7,7984e+005
885	0,53534	1,3556	0,	5,1405e+005
886	0,66328	1,3516	0,	1,9481e+006
887	0,61048	1,3235	0,	9,9581e+005
888	0,72805	1,308	0,	2,5953e+006
889	0,67611	1,2865	0,	1,4887e+006
890	0,80434	1,2676	0,	3,687e+006
891	0,7465	1,2484	0,	2,2221e+006
892	0,88886	1,2319	0,	5,2767e+006
893	0,82643	1,2081	0,	3,4546e+006
894	0,97256	1,1919	0,	7,0823e+006
895	0,9035	1,1701	0,	5,0189e+006
896	1,0518	1,1384	0,	8,8979e+006
897	1,0452	1,2185	0,	8,5734e+006
898	0,97898	1,1209	0,	6,7932e+006
899	1,1227	1,0734	0,	1,0653e+007
900	1,1297	1,1547	0,	1,032e+007
901	1,0492	1,0633	0,	8,696e+006
902	1,1825	0,99829	0,	1,2324e+007
903	1,1115	0,9968	0,	1,0651e+007
904	1,2279	0,91541	0,	1,3955e+007
905	1,1645	0,92338	0,	1,2644e+007
906	1,2688	0,83188	0,	1,5617e+007
907	1,2065	0,84509	0,	1,4689e+007
908	1,3167	0,75478	0,	1,7094e+007
909	1,2494	0,76738	0,	1,6785e+007
910	1,292	0,69337	0,	1,8579e+007
911	1,3623	0,67864	0,	1,8242e+007
912	1,4949	0,46601	0,	1,9105e+007
913	1,5579	0,42465	0,	1,7969e+007
914	1,6157	0,49929	0,	1,6866e+007
915	0,63568	1,7551	0,	3,683e+006
916	0,51541	1,6908	0,	2,4755e+006
917	0,69844	1,924	0,	4,8659e+006
918	0,56012	1,8343	0,	3,6002e+006
919	1,7404	1,4669	0,	1,2576e+007
920	1,8679	1,3756	0,	1,2874e+007
921	1,1231	1,2348	0,	9,9959e+006
922	1,1028	1,3208	0,	9,3949e+006
923	1,2114	1,2532	0,	1,1094e+007
924	1,9322	0,61504	0,	1,3838e+007
925	2,167	0,70344	0,	1,2834e+007
926	2,0182	0,54671	0,	1,3349e+007
927	1,8519	0,50213	0,	1,4381e+007
928	1,7625	0,55221	0,	1,5142e+007
929	0,80778	2,1816	0,	6,2323e+006
930	0,62335	2,055	0,	4,9794e+006
931	0,95951	2,4851	0,	7,4529e+006
932	0,73426	2,3467	0,	6,3654e+006
933	2,5189	0,8413	0,	1,1966e+007
934	2,9108	0,9907	0,	1,1429e+007
935	2,7081	0,75775	0,	1,1568e+007
936	2,3354	0,64446	0,	1,2227e+007
937	1,1331	2,8284	0,	8,2801e+006
938	0,84092	2,6401	0,	7,3091e+006
939	1,3121	3,2386	0,	8,8567e+006
940	0,98852	3,0361	0,	8,1433e+006
941	1,4804	2,9882	0,	9,2241e+006
942	3,3249	1,1478	0,	1,1099e+007
943	3,8028	1,3278	0,	1,0849e+007
944	3,545	0,98805	0,	1,089e+007
945	3,0988	0,86509	0,	1,1171e+007
946	1,435	3,6571	0,	9,1355e+006
947	1,0965	3,4608	0,	8,6279e+006
948	1,5123	4,0791	0,	9,2946e+006
949	1,1609	3,9024	0,	8,9345e+006
950	4,0575	1,1245	0,	1,0682e+007
951	4,3189	1,5023	0,	1,0662e+007
952	5,4848	1,7621	0,	1,0387e+007
953	6,1222	1,8249	0,	1,0279e+007
954	5,8053	1,4097	0,	1,03e+007
955	5,1892	1,3494	0,	1,0404e+007
956	4,8769	1,6529	0,	1,0514e+007
957	6,4494	1,4435	0,	1,0208e+007
958	6,7877	1,8303	0,	1,0182e+007
959	8,0715	1,6781	0,	1,0016e+007
960	8,6991	1,5934	0,	9,934e+006
961	8,3666	1,2779	0,	9,97e+006
962	7,7445	1,3658	0,	1,0047e+007
963	7,4452	1,7777	0,	1,0095e+007
964	8,9842	1,929	0,	9,9089e+006
965	9,2698	2,2766	0,	9,8836e+006
966	8,8595	2,6061	0,	9,9497e+006
967	8,6421	3,9654	0,	1,0019e+007
968	8,6267	4,676	0,	1,0035e+007
969	9,0327	4,3064	0,	9,9948e+006
970	9,0607	3,6103	0,	9,968e+006
971	8,7155	3,2657	0,	9,9906e+006
972	9,0431	4,9884	0,	1,0011e+007
973	8,2129	5,0956	0,	1,0073e+007
974	8,668	5,3513	0,	1,0039e+007
975	9,1639	6,2824	0,	1,0019e+007
976	8,8043	6,6154	0,	1,0031e+007
977	8,7566	5,9899	0,	1,0035e+007
978	9,2134	7,5807	0,	1,0015e+007
979	8,8722	7,907	0,	1,0018e+007
980	8,8384	7,2539	0,	1,0025e+007
981	6,8093	9,1184	0,	1,0017e+007
982	7,1298	8,7772	0,	1,0023e+007
983	6,4392	8,7174	0,	1,003e+007
984	5,0851	8,6246	0,	1,0033e+007
985	4,4485	8,7017	0,	1,0025e+007
986	4,8047	9,0478	0,	1,0019e+007
987	5,4561	9,0287	0,	1,0022e+007
988	5,7552	8,6534	0,	1,0034e+007
989	4,1751	9,1384	0,	1,0012e+007
990	3,8332	8,8184	0,	1,0012e+007
991	2,8998	9,1906	0,	9,9937e+006
992	2,5956	8,8253	0,	9,9811e+006
993	3,215	8,8512	0,	9,9974e+006
994	1,3846	7,5153	0,	9,8409e+006
995	1,7938	7,1085	0,	9,8327e+006
996	1,7703	5,8039	0,	9,6867e+006
997	1,4135	6,2022	0,	9,6751e+006
998	1,8182	6,4363	0,	9,7691e+006
999	1,5903	4,6017	0,	9,4416e+006
1000	1,2154	4,3716	0,	9,1707e+006
1001	1,2896	4,982	0,	9,3935e+006
1002	1,6847	5,2035	0,	9,5806e+006
1003	1,2989	8,8757	0,	9,9533e+006
1004	1,6165	9,2035	0,	9,9736e+006
1005	1,9636	8,8333	0,	9,965e+006
1006	8,8739	9,2336	0,	1,0004e+007
1007	9,2117	8,9026	0,	1,0005e+007
1008	8,8683	8,5662	0,	1,0011e+007
1009	8,5194	8,8828	0,	1,001e+007
1010	9,3196	1,5817	0,	9,8475e+006
1011	9,0043	1,2453	0,	9,8856e+006
1012	0,41893	1,4427	0,	2,0912e+005
1013	0,45088	1,3783	0,	82505
1014	1,4363	0,40349	0,	2,0805e+007
1015	1,3745	0,43882	0,	2,2586e+007
1016	1,4231	0,49931	0,	2,0095e+007
1017	0,96251	5,3629	0,	9,3666e+006
1018	0,91468	4,7519	0,	9,1226e+006
1019	1,3576	5,5844	0,	9,5536e+006
1020	1,0008	5,9826	0,	9,542e+006
1021	1,0198	7,2497	0,	9,7759e+006
1022	1,0244	6,6088	0,	9,6737e+006
1023	1,429	6,8429	0,	9,7676e+006
1024	0,9983	7,9048	0,	9,8572e+006
1025	0,97205	8,5688	0,	9,9211e+006
1026	0,94507	9,2397	0,	9,9682e+006
1027	1,2626	9,5676	0,	9,9885e+006
1028	1,9198	9,5528	0,	9,9914e+006
1029	2,5711	9,5479	0,	9,9954e+006
1030	2,2669	9,1826	0,	9,9828e+006
1031	3,2239	9,5486	0,	9,9996e+006
1032	3,881	9,5292	0,	1,0003e+007
1033	3,5391	9,2092	0,	1,0003e+007
1034	4,5313	9,4845	0,	1,0006e+007
1035	5,1757	9,4519	0,	1,0008e+007
1036	5,8311	9,4599	0,	1,0009e+007
1037	6,5004	9,4855	0,	1,0007e+007
1038	6,1302	9,0846	0,	1,002e+007
1039	7,1767	9,5109	0,	1,0006e+007
1040	7,8576	9,5378	0,	1,0004e+007
1041	7,4971	9,1697	0,	1,0012e+007
1042	8,5396	9,5596	0,	1,0002e+007
1043	8,1852	9,2088	0,	1,0008e+007
1044	9,2225	9,5717	0,	1,0001e+007
1045	9,5603	9,2406	0,	1,0001e+007
1046	9,5555	8,5772	0,	1,0004e+007
1047	9,5532	7,9145	0,	1,0007e+007
1048	9,212	8,2408	0,	1,001e+007
1049	9,5459	7,2525	0,	1,0009e+007
1050	9,5305	6,5927	0,	1,0007e+007
1051	9,1709	6,9257	0,	1,0019e+007
1052	9,5025	5,9346	0,	1,0002e+007
1053	9,4703	5,2792	0,	9,9899e+006
1054	9,0952	5,6421	0,	1,0018e+007
1055	9,4491	4,6187	0,	9,971e+006
1056	9,4513	3,9513	0,	9,9438e+006
1057	9,4905	3,2827	0,	9,9074e+006
1058	9,6053	1,9293	0,	9,8221e+006
1059	9,5556	2,6087	0,	9,8638e+006
1060	9,6207	1,2507	0,	9,7923e+006
1061	0,86406	4,1949	0,	8,8106e+006
1062	9,3053	0,91432	0,	9,8304e+006
1063	8,6718	0,92986	0,	9,9217e+006
1064	8,0396	0,96567	0,	1,0001e+007
1065	7,4039	1,0088	0,	1,0076e+007
1066	6,7663	1,0339	0,	1,0151e+007
1067	7,1045	1,4207	0,	1,0125e+007
1068	6,1325	1,0283	0,	1,0229e+007
1069	5,5098	0,99705	0,	1,0317e+007
1070	4,9068	0,94304	0,	1,0421e+007
1071	4,333	0,86872	0,	1,0551e+007
1072	4,5944	1,2465	0,	1,0531e+007
1073	0,8224	3,7061	0,	8,4269e+006
1074	3,7998	0,78475	0,	1,0723e+007
1075	0,77285	3,2583	0,	7,9145e+006
1076	3,319	0,70537	0,	1,0963e+007
1077	0,69638	2,8477	0,	7,1722e+006
1078	2,8961	0,63214	0,	1,1309e+007
1079	0,61567	2,5016	0,	6,2216e+006
1080	2,5246	0,56091	0,	1,1829e+007
1081	0,54984	2,2201	0,	5,1125e+006
1082	2,1867	0,48773	0,	1,2742e+007
1083	0,48504	1,9653	0,	3,7138e+006
1084	1,9379	0,4338	0,	1,3893e+007
1085	1,15	1,4554	0,	9,6315e+006
1086	1,1911	1,3393	0,	1,0493e+007
1087	1,6252	1,3634	0,	1,2878e+007
1088	1,5577	1,2651	0,	1,3121e+007
1089	1,7527	1,2721	0,	1,3177e+007
1090	0,43985	1,77	0,	2,3927e+006
1091	0,4116	1,6322	0,	1,3431e+006
1092	1,6305	0,38131	0,	1,7066e+007
1093	1,7776	0,40587	0,	1,5202e+007
1094	1,6882	0,45595	0,	1,5962e+007
1095	0,38125	1,5059	0,	3,7951e+005
1096	1,4994	0,36213	0,	1,967e+007
1097	0,35622	1,3866	0,	-2,6334e+005
1098	1,3819	0,34806	0,	2,3401e+007
1099	1,3201	0,38339	0,	2,5182e+007
1100	1,3063	0,46771	0,	2,4025e+007
1101	1,2847	0,55067	0,	2,2425e+007
1102	1,3548	0,52821	0,	2,1534e+007
1103	1,2568	0,63005	0,	2,0482e+007
1104	1,3272	0,61533	0,	2,0146e+007
1105	1,2247	0,70596	0,	1,827e+007
1106	1,1871	0,78059	0,	1,5857e+007
1107	1,143	0,85306	0,	1,3377e+007
1108	1,0934	0,92188	0,	1,097e+007
1109	1,0379	0,9867	0,	8,6947e+006
1110	0,97637	1,0458	0,	6,5913e+006
1111	0,90993	1,0991	0,	4,7298e+006
1112	0,84106	1,1463	0,	3,1969e+006
1113	0,76859	1,1889	0,	1,9897e+006
1114	0,69456	1,227	0,	1,1156e+006
1115	0,62331	1,2584	0,	5,3645e+005
1116	0,55082	1,2848	0,	1,2327e+005
1117	0,47232	1,3069	0,	-1,8329e+005
1118	0,38817	1,3223	0,	-3,8995e+005
1119	1,1679	1,6154	0,	9,3769e+006
1120	1,2836	1,6789	0,	1,002e+007
1121	1,4134	1,225	0,	1,2874e+007
1122	1,3768	1,1211	0,	1,3356e+007
1123	1,3003	1,2489	0,	1,2042e+007
1124	1,5217	1,6741	0,	1,1339e+007
1125	1,6276	1,569	0,	1,2146e+007
1126	1,6417	1,7923	0,	1,1442e+007
1127	1,2813	1,4977	0,	1,066e+007
1128	1,3971	1,5612	0,	1,1303e+007
1129	1,503	1,456	0,	1,211e+007
1130	1,4355	1,3578	0,	1,2353e+007
1131	1,3224	1,3816	0,	1,1521e+007
1132	1,3973	0,59287	0,	1,9255e+007
1133	2,1221	5,3658	0,	9,7782e+006
1134	2,9132	5,0191	0,	1,0073e+007
1135	7,8246	8,8408	0,	1,0016e+007
1136	2,005	1,254	0,	1,2905e+007
1137	9,1452	2,9381	0,	9,93e+006
1138	6,1346	5,106	0,	1,0247e+007
1139	5,6791	4,6321	0,	1,0318e+007
