Node Number	X Location (m)	Y Location (m)	Z Location (m)	Normal Stress (Pa)
1	1,25	0,25	0,	59674
2	0,25	1,25	0,	-1,0595e+007
3	1,2469	0,32846	0,	2,4652e+005
4	1,2377	0,40644	0,	7,8635e+005
5	1,2224	0,48345	0,	1,6034e+006
6	1,2011	0,55903	0,	2,6001e+006
7	1,1739	0,63274	0,	3,6393e+006
8	1,141	0,70406	0,	4,5825e+006
9	1,1026	0,77259	0,	5,2956e+006
10	1,0589	0,83795	0,	5,6574e+006
11	1,0103	0,8996	0,	5,5675e+006
12	0,95696	0,95725	0,	4,9799e+006
13	0,89929	1,0105	0,	3,8933e+006
14	0,83761	1,0591	0,	2,3466e+006
15	0,77224	1,1028	0,	4,3986e+005
16	0,70369	1,1412	0,	-1,7169e+006
17	0,63237	1,174	0,	-3,935e+006
18	0,55864	1,2012	0,	-6,0543e+006
19	0,48305	1,2225	0,	-7,9103e+006
20	0,40604	1,2378	0,	-9,3671e+006
21	0,32805	1,2469	0,	-1,0289e+007
22	10,25	0,25	0,	-1511,5
23	1,3287	0,25	0,	1,9051e+006
24	1,4149	0,25	0,	3,0397e+006
25	1,5197	0,25	0,	3,6796e+006
26	1,6476	0,25	0,	3,8841e+006
27	1,8054	0,25	0,	3,7416e+006
28	2,0047	0,25	0,	3,3614e+006
29	2,2476	0,25	0,	2,8631e+006
30	2,5448	0,25	0,	2,3088e+006
31	2,9119	0,25	0,	1,7822e+006
32	3,3614	0,25	0,	1,3238e+006
33	3,9076	0,25	0,	9,5138e+005
34	4,523	0,25	0,	6,7569e+005
35	5,1591	0,25	0,	4,8391e+005
36	5,7952	0,25	0,	3,4881e+005
37	6,4313	0,25	0,	2,495e+005
38	7,0675	0,25	0,	1,741e+005
39	7,7036	0,25	0,	1,1495e+005
40	8,3397	0,25	0,	68603
41	8,9758	0,25	0,	32926
42	9,612	0,25	0,	8334,8
43	10,25	10,25	0,	237,
44	10,25	0,90055	0,	-1339,1
45	10,25	1,5673	0,	-984,75
46	10,25	2,2352	0,	-505,01
47	10,25	2,9031	0,	108,09
48	10,25	3,571	0,	695,11
49	10,25	4,2389	0,	1071,7
50	10,25	4,9068	0,	1163,1
51	10,25	5,5747	0,	1012,4
52	10,25	6,2426	0,	784,91
53	10,25	6,9105	0,	498,56
54	10,25	7,5784	0,	208,77
55	10,25	8,2463	0,	-35,826
56	10,25	8,9142	0,	-169,03
57	10,25	9,5821	0,	-156,34
58	0,25	10,25	0,	6,6175e+005
59	9,5821	10,25	0,	-1895,8
60	8,9142	10,25	0,	-4113,2
61	8,2463	10,25	0,	-2095,7
62	7,5784	10,25	0,	7066,8
63	6,9105	10,25	0,	26525
64	6,2426	10,25	0,	59215
65	5,5747	10,25	0,	1,0744e+005
66	4,9068	10,25	0,	1,7158e+005
67	4,2389	10,25	0,	2,5046e+005
68	3,571	10,25	0,	3,4047e+005
69	2,9031	10,25	0,	4,3451e+005
70	2,2352	10,25	0,	5,2336e+005
71	1,5673	10,25	0,	5,9669e+005
72	0,90055	10,25	0,	6,4485e+005
73	0,25	9,6133	0,	5,0477e+005
74	0,25	8,9765	0,	3,9198e+005
75	0,25	8,3398	0,	3,0923e+005
76	0,25	7,7031	0,	2,4877e+005
77	0,25	7,0663	0,	2,0553e+005
78	0,25	6,4296	0,	1,7747e+005
79	0,25	5,7929	0,	1,6322e+005
80	0,25	5,1562	0,	1,6552e+005
81	0,25	4,5194	0,	1,848e+005
82	0,25	3,905	0,	2,2459e+005
83	0,25	3,3618	0,	2,7845e+005
84	0,25	2,9148	0,	3,2502e+005
85	0,25	2,5482	0,	3,248e+005
86	0,25	2,2502	0,	2,1601e+005
87	0,25	2,0066	0,	-61900
88	0,25	1,8068	0,	-6,4618e+005
89	0,25	1,6486	0,	-1,5579e+006
90	0,25	1,5205	0,	-2,9218e+006
91	0,25	1,4154	0,	-4,826e+006
92	0,25	1,3291	0,	-7,2801e+006
93	7,5266	7,5197	0,	-15901
94	7,6549	7,0457	0,	-28579
95	3,6403	2,4892	0,	-3,9711e+005
96	3,9118	4,4325	0,	-3,8345e+005
97	2,408	2,63	0,	-1,0193e+006
98	5,291	5,8189	0,	-1,6541e+005
99	2,6343	1,8874	0,	-6,7564e+005
100	2,6057	2,3425	0,	-9,3727e+005
101	2,4625	2,0306	0,	-9,5134e+005
102	4,4415	3,953	0,	-3,5792e+005
103	3,1224	2,8736	0,	-6,9578e+005
104	6,2155	6,7251	0,	-71512
105	4,2968	5,1922	0,	-2,6916e+005
106	2,8485	1,7028	0,	-2,7377e+005
107	6,8824	7,2523	0,	-31815
108	2,1957	2,86	0,	-9,7082e+005
109	2,0967	2,4017	0,	-1,2377e+006
110	2,8562	4,3893	0,	-4,1623e+005
111	2,255	2,2406	0,	-1,1835e+006
112	2,2936	1,7805	0,	-9,4562e+005
113	2,9479	2,3283	0,	-6,9612e+005
114	3,238	2,0853	0,	-3,8454e+005
115	4,1838	2,8579	0,	-3,239e+005
116	6,2893	3,6238	0,	-1,1212e+005
117	5,5307	3,5527	0,	-1,8659e+005
118	2,6674	3,2366	0,	-7,7215e+005
119	3,1056	3,7424	0,	-5,8118e+005
120	2,3932	1,6328	0,	-6,1879e+005
121	2,4906	1,4257	0,	-1,2278e+005
122	1,7099	0,79545	0,	1,7401e+006
123	1,7521	0,92354	0,	9,6662e+005
124	1,5741	0,82669	0,	1,4915e+006
125	1,5767	0,9393	0,	6,975e+005
126	4,4666	6,9512	0,	-54526
127	5,3168	6,7891	0,	-78987
128	1,5289	1,0734	0,	-2,5436e+005
129	2,1866	1,9992	0,	-1,2234e+006
130	1,9157	0,98211	0,	7,7636e+005
131	2,0595	1,7271	0,	-1,2271e+006
132	1,4539	0,92993	0,	7,3352e+005
133	3,4587	5,5626	0,	-2,0991e+005
134	3,5166	6,3597	0,	-92956
135	1,9166	2,154	0,	-1,4506e+006
136	1,7772	2,4769	0,	-1,2421e+006
137	1,211	2,0598	0,	-1,4443e+006
138	7,0506	6,1674	0,	-73964
139	6,9574	5,3918	0,	-98560
140	6,9823	4,5052	0,	-98687
141	7,0673	3,5984	0,	-60897
142	1,3578	0,83579	0,	1,6372e+006
143	3,4895	7,2407	0,	21923
144	1,8028	0,71446	0,	2,2288e+006
145	1,6015	0,72031	0,	2,2185e+006
146	6,7459	7,9935	0,	930,72
147	7,2881	6,6736	0,	-48096
148	0,8527	1,4263	0,	-2,2014e+006
149	2,291	4,7625	0,	-2,3541e+005
150	2,6205	5,8547	0,	-90429
151	2,6207	6,5731	0,	6112,6
152	3,8927	7,9766	0,	82969
153	4,6042	7,7931	0,	30886
154	5,3472	7,7445	0,	4712,5
155	6,0541	7,8366	0,	-1057,3
156	8,1048	6,4246	0,	-33004
157	7,8984	5,874	0,	-48433
158	7,8204	4,3999	0,	-53157
159	2,1754	3,7655	0,	-5,2631e+005
160	2,1846	4,2224	0,	-3,5456e+005
161	1,9733	3,3173	0,	-6,8293e+005
162	1,0378	2,1715	0,	-9,9279e+005
163	1,4405	2,5581	0,	-9,8945e+005
164	6,4183	2,6299	0,	1,7592
165	5,6949	2,5836	0,	-22738
166	5,0616	2,4901	0,	-57107
167	4,4628	2,2573	0,	-64730
168	3,8972	1,975	0,	-41992
169	3,4539	1,7037	0,	41949
170	3,0296	1,4275	0,	2,2454e+005
171	2,6014	1,181	0,	5,3006e+005
172	2,2682	1,0045	0,	9,2733e+005
173	2,0131	0,86198	0,	1,4575e+006
174	1,6583	1,0793	0,	-1,0627e+005
175	1,8068	1,0998	0,	47571
176	2,0907	1,4891	0,	-8,0602e+005
177	1,3427	0,91605	0,	1,0099e+006
178	1,304	1,0171	0,	2,0131e+005
179	0,85765	1,3419	0,	-2,0856e+006
180	0,79347	1,3412	0,	-2,3003e+006
181	0,75827	1,3998	0,	-2,4424e+006
182	0,8221	1,5212	0,	-2,108e+006
183	1,6861	2,2063	0,	-1,4921e+006
184	1,4283	2,1676	0,	-1,4662e+006
185	0,90785	1,7523	0,	-1,6327e+006
186	8,1849	6,935	0,	-21789
187	7,8766	3,5724	0,	-29831
188	7,1383	2,7082	0,	5465,2
189	1,4475	0,80122	0,	1,7167e+006
190	3,4888	8,2677	0,	1,3911e+005
191	0,95816	1,963	0,	-1,2343e+006
192	2,5914	7,2945	0,	91688
193	1,638	0,62991	0,	2,7497e+006
194	7,4608	8,1163	0,	1233,7
195	0,70099	1,4613	0,	-2,4484e+006
196	0,73268	1,6136	0,	-1,8081e+006
197	8,2067	7,5818	0,	-9314,6
198	7,9178	2,6462	0,	11645
199	1,9038	1,9343	0,	-1,5255e+006
200	1,4821	0,68692	0,	2,4457e+006
201	3,0146	8,0834	0,	1,5054e+005
202	0,97042	1,3125	0,	-1,7858e+006
203	1,1883	1,8388	0,	-1,8304e+006
204	0,99131	1,4194	0,	-2,1132e+006
205	2,4199	8,0555	0,	1,8827e+005
206	1,5263	0,58384	0,	2,9833e+006
207	1,8656	1,7066	0,	-1,5121e+006
208	1,2484	1,1183	0,	-5,9201e+005
209	8,4606	2,1374	0,	25908
210	8,175	8,2105	0,	1226,8
211	0,62833	1,522	0,	-2,2972e+006
212	1,4238	1,8885	0,	-1,8582e+006
213	0,98197	1,5606	0,	-2,1034e+006
214	1,716	8,1357	0,	2,4182e+005
215	0,52446	1,562	0,	-2,1616e+006
216	0,55735	1,4139	0,	-3,4065e+006
217	0,63267	1,3746	0,	-3,2344e+006
218	0,69389	1,3286	0,	-2,9417e+006
219	0,76221	1,2873	0,	-2,3423e+006
220	0,84647	1,248	0,	-1,5843e+006
221	0,93126	1,2158	0,	-1,0534e+006
222	1,0139	1,168	0,	-5,5184e+005
223	1,0897	1,1087	0,	-31114
224	1,1557	1,038	0,	5,6382e+005
225	1,2094	0,95861	0,	1,224e+006
226	1,2464	0,87222	0,	1,9202e+006
227	1,2912	0,79153	0,	2,2909e+006
228	1,3421	0,71802	0,	2,4744e+006
229	1,5557	0,47987	0,	3,4116e+006
230	0,60271	1,6835	0,	-1,4346e+006
231	0,66864	1,8266	0,	-9,9177e+005
232	1,8665	1,4791	0,	-1,1928e+006
233	1,0766	1,2689	0,	-1,5398e+006
234	1,1697	1,2007	0,	-1,1491e+006
235	2,0151	0,64439	0,	2,4407e+006
236	1,8493	0,5857	0,	2,8631e+006
237	0,72824	2,0215	0,	-6,3311e+005
238	0,88731	2,3417	0,	-4,7865e+005
239	2,719	0,92011	0,	1,1528e+006
240	2,3188	0,7625	0,	1,7533e+006
241	1,0317	2,6286	0,	-4,3514e+005
242	1,2344	3,0283	0,	-3,8755e+005
243	3,5472	1,2342	0,	5,385e+005
244	3,1025	1,0613	0,	8,0696e+005
245	1,3899	3,4488	0,	-2,9993e+005
246	1,4801	3,8654	0,	-2,0804e+005
247	4,0583	1,4214	0,	3,5743e+005
248	5,7953	1,8016	0,	1,4328e+005
249	5,1742	1,7225	0,	1,8298e+005
250	6,4491	1,8483	0,	1,1111e+005
251	8,3789	1,6132	0,	43742
252	7,7641	1,743	0,	63855
253	8,949	2,2845	0,	11947
254	8,6232	4,3271	0,	-24184
255	8,661	3,6038	0,	-13376
256	8,6302	5,025	0,	-27551
257	8,8075	6,3021	0,	-17336
258	8,8756	7,5792	0,	-4511,9
259	6,7813	8,741	0,	27971
260	4,7567	8,6362	0,	99320
261	5,4135	8,6129	0,	66098
262	4,1404	8,7671	0,	1,4826e+005
263	2,9039	8,8327	0,	2,4501e+005
264	1,7587	7,456	0,	1,7161e+005
265	1,8074	6,1115	0,	45909
266	1,5445	4,2927	0,	-1,3029e+005
267	1,6362	4,9106	0,	-54767
268	1,6399	8,8486	0,	3,3257e+005
269	8,8678	8,8976	0,	4060,5
270	9,0193	1,5736	0,	21400
271	0,47046	1,4402	0,	-3,575e+006
272	1,4341	0,45215	0,	3,1887e+006
273	0,94298	5,0534	0,	1,0645e+005
274	0,98203	5,6724	0,	1,2018e+005
275	1,0292	6,9248	0,	1,7616e+005
276	1,0105	7,5746	0,	2,2294e+005
277	0,98615	8,235	0,	2,8577e+005
278	0,95794	8,9027	0,	3,6968e+005
279	0,93221	9,5768	0,	4,844e+005
280	1,593	9,5584	0,	4,4699e+005
281	2,2466	9,5473	0,	3,9561e+005
282	2,8956	9,5485	0,	3,3665e+005
283	3,5522	9,5487	0,	2,7206e+005
284	4,2098	9,5097	0,	2,0632e+005
285	4,8527	9,4593	0,	1,4958e+005
286	5,4987	9,4445	0,	1,0389e+005
287	6,1635	9,4753	0,	67346
288	6,8373	9,4958	0,	39770
289	7,516	9,526	0,	20799
290	8,1993	9,5495	0,	9200,5
291	8,8799	9,5697	0,	3153,6
292	9,565	9,5738	0,	544,27
293	9,5556	8,9075	0,	1170,3
294	9,5554	8,2469	0,	385,51
295	9,5511	7,5822	0,	-1108,9
296	9,5407	6,9227	0,	-2758,3
297	9,5203	6,2626	0,	-4571,1
298	9,4848	5,6066	0,	-6121,5
299	9,4559	4,9518	0,	-6757,4
300	9,4422	4,2857	0,	-5895,5
301	9,4604	3,6168	0,	-3391,
302	9,5906	2,2688	0,	3202,1
303	9,62	1,5898	0,	5581,2
304	0,88638	4,4504	0,	1,0466e+005
305	9,6213	0,91156	0,	7413,7
306	8,9894	0,91708	0,	29566
307	8,3543	0,94263	0,	61360
308	7,725	0,9887	0,	1,0063e+005
309	7,0828	1,0289	0,	1,4892e+005
310	6,4498	1,0388	0,	2,0901e+005
311	5,8153	1,0178	0,	2,8757e+005
312	5,2043	0,97627	0,	3,8986e+005
313	4,6092	0,90981	0,	5,3188e+005
314	0,84173	3,9393	0,	1,0492e+005
315	4,0568	0,82764	0,	7,2535e+005
316	0,80306	3,4728	0,	99678
317	3,5428	0,74187	0,	9,9527e+005
318	0,74263	3,0439	0,	93558
319	3,0951	0,66888	0,	1,3378e+006
320	0,65013	2,6515	0,	86233
321	2,6972	0,59539	0,	1,7903e+006
322	0,5812	2,3517	0,	29134
323	2,352	0,52642	0,	2,3496e+006
324	0,51847	2,0886	0,	-1,4447e+005
325	2,0213	0,44904	0,	3,0737e+006
326	1,129	1,3727	0,	-2,0089e+006
327	1,6361	1,2721	0,	-1,0688e+006
328	0,4516	1,842	0,	-6,1841e+005
329	0,4281	1,698	0,	-1,2538e+006
330	1,7007	0,39319	0,	3,6896e+006
331	0,3951	1,5665	0,	-2,273e+006
332	1,5602	0,36943	0,	3,6914e+006
333	0,3674	1,4452	0,	-3,944e+006
334	1,4385	0,35483	0,	3,2548e+006
335	1,3253	0,3413	0,	2,021e+006
336	1,3149	0,42549	0,	2,223e+006
337	1,2976	0,50994	0,	2,5107e+006
338	1,2718	0,5914	0,	2,833e+006
339	1,2418	0,66871	0,	3,1448e+006
340	1,2076	0,74322	0,	3,3702e+006
341	1,1665	0,81797	0,	3,4279e+006
342	1,1196	0,88815	0,	3,2872e+006
343	1,0673	0,95561	0,	2,8848e+006
344	1,0086	1,0178	0,	2,2751e+006
345	0,94411	1,0738	0,	1,4637e+006
346	0,87575	1,1243	0,	4,2111e+005
347	0,80638	1,1683	0,	-7,7729e+005
348	0,73079	1,2095	0,	-2,1748e+006
349	0,65833	1,2444	0,	-3,4695e+006
350	0,5883	1,2725	0,	-4,5588e+006
351	0,51334	1,2972	0,	-5,5198e+006
352	0,4313	1,3165	0,	-6,3122e+006
353	0,34503	1,3281	0,	-6,8876e+006
354	1,1649	1,6929	0,	-2,0607e+006
355	1,3475	1,192	0,	-1,145e+006
356	1,6409	1,6833	0,	-1,8326e+006
357	1,1709	1,538	0,	-2,1971e+006
358	1,4024	1,665	0,	-2,0759e+006
359	1,6144	1,4546	0,	-1,6388e+006
360	1,4793	1,2581	0,	-1,3279e+006
361	1,3917	1,4574	0,	-2,0209e+006
362	2,2872	8,8179	0,	2,8819e+005
363	1,4061	1,0503	0,	-1,7557e+005
364	1,412	0,54647	0,	2,9889e+006
365	1,2531	1,3058	0,	-1,7517e+006
366	2,511	5,2352	0,	-1,8007e+005
367	7,4782	8,8135	0,	16475
368	8,8687	8,2347	0,	757,09
369	4,3978	6,0829	0,	-1,5611e+005
370	1,8693	1,272	0,	-5,8192e+005
371	1,3825	0,63926	0,	2,7267e+006
372	8,77	2,9276	0,	0,9318
373	4,8518	3,2149	0,	-2,4271e+005
374	1,7333	5,4964	0,	-4977,9
375	1,0196	6,2928	0,	1,4212e+005
376	1,8546	0,41856	0,	3,4435e+006
377	8,1711	8,868	0,	8823,7
378	8,8011	6,9287	0,	-11646
379	6,1526	4,602	0,	-1,6002e+005
380	1,6424	1,9013	0,	-1,7761e+006
381	1,7264	2,9481	0,	-8,2396e+005
382	1,8289	6,7611	0,	1,0311e+005
383	9,5205	2,9486	0,	147,4
384	7,1262	1,8124	0,	86894
385	6,097	8,6938	0,	45391
386	4,5796	1,5833	0,	2,5101e+005
387	7,7956	5,1663	0,	-59162
388	6,1167	5,6101	0,	-1,3941e+005
389	5,2057	4,6622	0,	-2,4797e+005
390	8,7057	5,6776	0,	-24053
391	1,6756	0,51871	0,	3,2862e+006
392	3,3154	4,803	0,	-3,4247e+005
393	2,1407	1,2359	0,	-19964
394	3,5261	8,8697	0,	2,0233e+005
395	3,8134	3,3839	0,	-4,828e+005
396	1,2492	0,28926	0,	1,531e+005
397	1,2893	0,25	0,	9,824e+005
398	0,28906	1,2492	0,	-1,0442e+007
399	0,25	1,2895	0,	-8,9377e+006
400	1,2431	0,36754	0,	5,1644e+005
401	1,2861	0,33488	0,	1,1338e+006
402	1,2308	0,4451	0,	1,1949e+006
403	1,2763	0,41596	0,	1,5047e+006
404	1,2125	0,52145	0,	2,1018e+006
405	1,26	0,4967	0,	2,0571e+006
406	1,1882	0,59615	0,	3,1197e+006
407	1,2364	0,57521	0,	2,7166e+006
408	1,1581	0,66872	0,	4,1109e+006
409	1,2078	0,65073	0,	3,3921e+006
410	1,1225	0,7387	0,	4,939e+006
411	1,1743	0,72364	0,	3,9764e+006
412	1,0814	0,8057	0,	5,4765e+006
413	1,1346	0,79528	0,	4,3618e+006
414	1,0352	0,86925	0,	5,6124e+006
415	1,0892	0,86305	0,	4,4723e+006
416	0,98418	0,92895	0,	5,2737e+006
417	1,0388	0,92761	0,	4,2262e+006
418	0,92865	0,98446	0,	4,4366e+006
419	0,9828	0,98752	0,	3,6275e+006
420	0,86893	1,0354	0,	3,1199e+006
421	0,9217	1,0422	0,	2,6785e+006
422	0,80536	1,0816	0,	1,3932e+006
423	0,85668	1,0917	0,	1,3838e+006
424	0,73835	1,1227	0,	-6,3853e+005
425	0,78931	1,1356	0,	-1,6872e+005
426	0,66835	1,1583	0,	-2,8259e+006
427	0,71724	1,1753	0,	-1,9458e+006
428	0,59577	1,1883	0,	-4,9946e+006
429	0,64535	1,2092	0,	-3,7022e+006
430	0,52105	1,2126	0,	-6,9823e+006
431	0,57347	1,2368	0,	-5,3066e+006
432	0,44469	1,2309	0,	-8,6387e+006
433	0,4982	1,2598	0,	-6,7151e+006
434	0,36713	1,2431	0,	-9,8281e+006
435	0,41867	1,2771	0,	-7,8396e+006
436	0,33654	1,2875	0,	-8,5884e+006
437	9,931	0,25	0,	3411,6
438	10,25	0,57527	0,	-1425,3
439	1,3718	0,25	0,	2,4724e+006
440	1,327	0,29565	0,	1,9631e+006
441	1,4673	0,25	0,	3,3597e+006
442	1,4267	0,30241	0,	3,1472e+006
443	1,5837	0,25	0,	3,7819e+006
444	1,54	0,30972	0,	3,6855e+006
445	1,7265	0,25	0,	3,8129e+006
446	1,6741	0,32159	0,	3,7868e+006
447	1,905	0,25	0,	3,5515e+006
448	1,83	0,33428	0,	3,5926e+006
449	2,1261	0,25	0,	3,1122e+006
450	2,013	0,34952	0,	3,2176e+006
451	2,3962	0,25	0,	2,586e+006
452	2,2998	0,38821	0,	2,6064e+006
453	2,7283	0,25	0,	2,0455e+006
454	2,621	0,42269	0,	2,0495e+006
455	3,1367	0,25	0,	1,553e+006
456	3,0035	0,45944	0,	1,56e+006
457	3,6345	0,25	0,	1,1376e+006
458	3,4521	0,49593	0,	1,1595e+006
459	4,2153	0,25	0,	8,1354e+005
460	3,9822	0,53882	0,	8,3837e+005
461	4,841	0,25	0,	5,798e+005
462	4,5661	0,5799	0,	6,0379e+005
463	5,4772	0,25	0,	4,1636e+005
464	5,1817	0,61313	0,	4,3689e+005
465	6,1133	0,25	0,	2,9915e+005
466	5,8052	0,63391	0,	3,1819e+005
467	6,7494	0,25	0,	2,118e+005
468	6,4406	0,64439	0,	2,2925e+005
469	7,3855	0,25	0,	1,4452e+005
470	7,0751	0,63946	0,	1,6151e+005
471	8,0217	0,25	0,	91775
472	7,7143	0,61935	0,	1,0779e+005
473	8,6578	0,25	0,	50765
474	8,347	0,59631	0,	64982
475	9,2939	0,25	0,	20630
476	8,9826	0,58354	0,	31246
477	9,6166	0,58078	0,	7874,2
478	10,25	9,916	0,	40,328
479	9,9161	10,25	0,	-829,38
480	10,25	1,2339	0,	-1161,9
481	9,9357	0,90606	0,	3037,3
482	10,25	1,9013	0,	-744,88
483	9,935	1,5786	0,	2298,2
484	10,25	2,5692	0,	-198,46
485	9,9203	2,252	0,	1348,6
486	10,25	3,2371	0,	401,6
487	9,8853	2,9258	0,	127,74
488	10,25	3,905	0,	883,43
489	9,8552	3,5939	0,	-1348,
490	10,25	4,5729	0,	1117,4
491	9,8461	4,2623	0,	-2411,9
492	10,25	5,2408	0,	1087,7
493	9,853	4,9293	0,	-2797,2
494	10,25	5,9087	0,	898,63
495	9,8674	5,5906	0,	-2554,6
496	10,25	6,5766	0,	641,73
497	9,8852	6,2526	0,	-1893,1
498	10,25	7,2445	0,	353,67
499	9,8954	6,9166	0,	-1129,9
500	10,25	7,9124	0,	86,474
501	9,9005	7,5803	0,	-450,07
502	10,25	8,5803	0,	-102,43
503	9,9027	8,2466	0,	174,84
504	10,25	9,2482	0,	-162,68
505	9,9028	8,9108	0,	500,62
506	9,9075	9,578	0,	193,97
507	0,57528	10,25	0,	6,533e+005
508	0,25	9,9316	0,	5,8326e+005
509	9,2482	10,25	0,	-3004,5
510	9,5736	9,9119	0,	-675,74
511	8,5803	10,25	0,	-3104,5
512	8,8971	9,9098	0,	-479,78
513	7,9124	10,25	0,	2485,5
514	8,2228	9,8998	0,	3552,4
515	7,2445	10,25	0,	16796
516	7,5472	9,888	0,	13933
517	6,5766	10,25	0,	42870
518	6,8739	9,8729	0,	33147
519	5,9087	10,25	0,	83328
520	6,2031	9,8626	0,	63281
521	5,2408	10,25	0,	1,3951e+005
522	5,5367	9,8473	0,	1,0567e+005
523	4,5729	10,25	0,	2,1102e+005
524	4,8797	9,8547	0,	1,6058e+005
525	3,905	10,25	0,	2,9547e+005
526	4,2244	9,8798	0,	2,2839e+005
527	3,2371	10,25	0,	3,8749e+005
528	3,5616	9,8993	0,	3,0627e+005
529	2,5692	10,25	0,	4,7893e+005
530	2,8994	9,8992	0,	3,8558e+005
531	1,9013	10,25	0,	5,6002e+005
532	2,2409	9,8986	0,	4,5948e+005
533	1,2339	10,25	0,	6,2077e+005
534	1,5802	9,9042	0,	5,2184e+005
535	0,91638	9,9134	0,	5,6462e+005
536	0,25	9,2949	0,	4,4838e+005
537	0,5911	9,595	0,	4,9459e+005
538	0,25	8,6582	0,	3,5061e+005
539	0,60397	8,9396	0,	3,8083e+005
540	0,25	8,0214	0,	2,79e+005
541	0,61807	8,2874	0,	2,975e+005
542	0,25	7,3847	0,	2,2715e+005
543	0,63023	7,6388	0,	2,3586e+005
544	0,25	6,748	0,	1,915e+005
545	0,63959	6,9956	0,	1,9084e+005
546	0,25	6,1112	0,	1,7034e+005
547	0,63482	6,3612	0,	1,5979e+005
548	0,25	5,4745	0,	1,6437e+005
549	0,61601	5,7326	0,	1,417e+005
550	0,25	4,8378	0,	1,7516e+005
551	0,59649	5,1048	0,	1,3599e+005
552	0,25	4,2122	0,	2,047e+005
553	0,56819	4,4849	0,	1,4473e+005
554	0,25	3,6334	0,	2,5152e+005
555	0,54587	3,9221	0,	1,6476e+005
556	0,25	3,1383	0,	3,0174e+005
557	0,52653	3,4173	0,	1,8906e+005
558	0,25	2,7315	0,	3,2491e+005
559	0,49632	2,9794	0,	2,0929e+005
560	0,25	2,3992	0,	2,7041e+005
561	0,45007	2,5998	0,	2,0552e+005
562	0,25	2,1284	0,	77056
563	0,4156	2,3009	0,	1,2257e+005
564	0,25	1,9067	0,	-3,5404e+005
565	0,38423	2,0476	0,	-1,0318e+005
566	0,25	1,7277	0,	-1,1021e+006
567	0,3508	1,8244	0,	-6,3229e+005
568	0,25	1,5845	0,	-2,2398e+006
569	0,33905	1,6733	0,	-1,4058e+006
570	0,25	1,4679	0,	-3,8739e+006
571	0,32255	1,5435	0,	-2,5974e+006
572	0,25	1,3722	0,	-6,053e+006
573	0,3087	1,4303	0,	-4,385e+006
574	0,29752	1,3286	0,	-7,0839e+006
575	7,5907	7,2827	0,	-22240
576	7,2045	7,386	0,	-23858
577	7,4937	7,818	0,	-7333,6
578	7,8666	7,5508	0,	-12608
579	7,4715	6,8597	0,	-38338
580	7,9199	6,9903	0,	-25184
581	3,3814	2,6814	0,	-5,4644e+005
582	3,4391	2,2873	0,	-3,9082e+005
583	3,912	2,6736	0,	-3,605e+005
584	3,7688	2,2321	0,	-2,1955e+005
585	4,1767	4,1927	0,	-3,7068e+005
586	4,1043	4,8123	0,	-3,263e+005
587	3,5087	4,0874	0,	-4,8231e+005
588	3,6136	4,6177	0,	-3,6296e+005
589	2,5068	2,4862	0,	-9,7827e+005
590	2,7652	2,7518	0,	-8,5753e+005
591	2,3019	2,745	0,	-9,9504e+005
592	2,2524	2,5159	0,	-1,1285e+006
593	5,3039	6,304	0,	-1,222e+005
594	4,8444	5,9509	0,	-1,6076e+005
595	5,7039	5,7145	0,	-1,5241e+005
596	5,2484	5,2405	0,	-2,0669e+005
597	2,5484	1,959	0,	-8,1349e+005
598	2,7414	1,7951	0,	-4,7471e+005
599	2,7911	2,1079	0,	-6,8588e+005
600	2,5137	1,7601	0,	-6,4721e+005
601	2,5341	2,1865	0,	-9,4431e+005
602	2,4303	2,2915	0,	-1,0604e+006
603	2,7768	2,3354	0,	-8,1669e+005
604	2,378	1,9056	0,	-9,4848e+005
605	2,3245	2,0149	0,	-1,0874e+006
606	4,6467	3,5839	0,	-3,0032e+005
607	4,8236	4,3076	0,	-3,0295e+005
608	4,1274	3,6685	0,	-4,2036e+005
609	3,0352	2,601	0,	-6,9595e+005
610	2,8949	3,0551	0,	-7,3397e+005
611	3,4679	3,1287	0,	-5,8929e+005
612	6,549	6,9887	0,	-51664
613	5,7662	6,7571	0,	-75250
614	6,633	6,4463	0,	-72738
615	6,1348	7,2809	0,	-36285
616	6,1661	6,1676	0,	-1,0546e+005
617	3,8777	5,3774	0,	-2,3953e+005
618	4,3473	5,6375	0,	-2,1264e+005
619	4,7513	4,9272	0,	-2,5856e+005
620	3,0432	1,8941	0,	-3,2916e+005
621	2,6695	1,5642	0,	-1,9828e+005
622	2,9391	1,5651	0,	-24617
623	6,8142	7,6229	0,	-15442
624	7,0853	6,963	0,	-39956
625	2,4316	3,0483	0,	-8,7149e+005
626	1,9865	2,6685	0,	-1,1065e+006
627	1,9611	2,9041	0,	-8,9739e+005
628	2,1759	2,3212	0,	-1,2106e+006
629	2,0067	2,2779	0,	-1,3442e+006
630	1,937	2,4393	0,	-1,2399e+006
631	2,9809	4,0658	0,	-4,9871e+005
632	2,5736	4,5759	0,	-3,2582e+005
633	2,5204	4,3059	0,	-3,854e+005
634	3,0858	4,5961	0,	-3,7935e+005
635	2,2208	2,1199	0,	-1,2034e+006
636	2,0858	2,1973	0,	-1,317e+006
637	2,3434	1,7067	0,	-7,822e+005
638	2,1766	1,7538	0,	-1,0864e+006
639	3,0929	2,2068	0,	-5,4033e+005
640	3,3459	1,8945	0,	-1,713e+005
641	4,3233	2,5576	0,	-1,9432e+005
642	4,5178	3,0364	0,	-2,8331e+005
643	3,9986	3,1209	0,	-4,0335e+005
644	5,91	3,5883	0,	-1,4935e+005
645	6,6783	3,6111	0,	-86507
646	6,3538	3,1269	0,	-56058
647	6,2209	4,1129	0,	-1,3607e+005
648	5,6128	3,0682	0,	-1,0466e+005
649	5,1913	3,3838	0,	-2,1465e+005
650	5,3682	4,1074	0,	-2,1728e+005
651	2,8865	3,4895	0,	-6,7667e+005
652	2,3204	3,2769	0,	-7,2754e+005
653	2,6405	3,7539	0,	-5,5375e+005
654	3,4595	3,5632	0,	-5,3199e+005
655	2,4419	1,5292	0,	-3,7078e+005
656	2,2419	1,5609	0,	-7,124e+005
657	2,546	1,3033	0,	2,0364e+005
658	2,3156	1,3308	0,	-71373
659	1,731	0,85949	0,	1,3534e+006
660	1,642	0,81107	0,	1,6158e+006
661	1,7564	0,75496	0,	1,9845e+006
662	1,6557	0,75788	0,	1,9793e+006
663	1,6644	0,93142	0,	8,3206e+005
664	1,8339	0,95282	0,	8,7149e+005
665	1,8826	0,89276	0,	1,212e+006
666	1,7052	1,0014	0,	4,3018e+005
667	1,5754	0,883	0,	1,0945e+006
668	1,5878	0,7735	0,	1,855e+006
669	1,5108	0,81395	0,	1,6041e+006
670	1,5528	1,0064	0,	2,2157e+005
671	1,5153	0,93462	0,	7,1551e+005
672	4,8917	6,8701	0,	-66757
673	3,978	7,096	0,	-16302
674	4,5354	7,3722	0,	-11820
675	4,4322	6,5171	0,	-1,0532e+005
676	5,332	7,2668	0,	-37137
677	1,5936	1,0764	0,	-1,8031e+005
678	1,5041	1,1658	0,	-7,9115e+005
679	1,4675	1,0618	0,	-2,1496e+005
680	2,123	1,8631	0,	-1,2253e+006
681	2,0452	1,9667	0,	-1,3745e+006
682	1,9644	0,92204	0,	1,1169e+006
683	1,8613	1,0409	0,	4,1197e+005
684	2,0282	1,109	0,	3,782e+005
685	2,0751	1,6081	0,	-1,0166e+006
686	1,9626	1,7169	0,	-1,3696e+006
687	1,3983	0,92299	0,	8,7173e+005
688	1,4507	0,86558	0,	1,2251e+006
689	1,43	0,99009	0,	2,7898e+005
690	3,4876	5,9611	0,	-1,5143e+005
691	3,0396	5,7087	0,	-1,5017e+005
692	3,387	5,1828	0,	-2,7619e+005
693	3,503	6,8002	0,	-35517
694	3,0687	6,4664	0,	-43422
695	3,9572	6,2213	0,	-1,2453e+005
696	1,8013	2,1802	0,	-1,4714e+006
697	1,9102	2,0441	0,	-1,4881e+006
698	1,6089	2,5175	0,	-1,1158e+006
699	1,7317	2,3416	0,	-1,3671e+006
700	1,1244	2,1157	0,	-1,2185e+006
701	1,3196	2,1137	0,	-1,4552e+006
702	1,1996	1,9493	0,	-1,6373e+006
703	7,004	5,7796	0,	-86262
704	7,1694	6,4205	0,	-61030
705	7,4745	6,0207	0,	-61199
706	6,9699	4,9485	0,	-98623
707	7,3765	5,279	0,	-78861
708	6,537	5,5009	0,	-1,1899e+005
709	7,0248	4,0518	0,	-79792
710	7,4014	4,4526	0,	-75922
711	6,5675	4,5536	0,	-1,2935e+005
712	7,4719	3,5854	0,	-45364
713	7,1028	3,1533	0,	-27716
714	1,3502	0,87592	0,	1,3235e+006
715	1,4026	0,8185	0,	1,6769e+006
716	1,3245	0,81366	0,	1,964e+006
717	3,6911	7,6087	0,	52446
718	3,0405	7,2676	0,	56806
719	3,252	7,662	0,	86233
720	1,908	0,78822	0,	1,8432e+006
721	1,7204	0,67219	0,	2,4893e+006
722	1,8261	0,65008	0,	2,546e+006
723	1,6197	0,67511	0,	2,4841e+006
724	1,5418	0,70361	0,	2,3321e+006
725	6,4	7,9151	0,	-63,298
726	7,1034	8,0549	0,	1082,2
727	6,7636	8,3673	0,	14451
728	7,6965	6,5491	0,	-40550
729	0,85518	1,3841	0,	-2,1435e+006
730	0,80548	1,413	0,	-2,3219e+006
731	0,8374	1,4737	0,	-2,1547e+006
732	0,922	1,4228	0,	-2,1573e+006
733	2,2378	4,4924	0,	-2,9499e+005
734	1,9636	4,8365	0,	-1,4509e+005
735	2,401	4,9988	0,	-2,0774e+005
736	2,6206	6,2139	0,	-42158
737	2,214	5,9831	0,	-22260
738	2,5658	5,545	0,	-1,3525e+005
739	2,6061	6,9338	0,	48900
740	2,2248	6,6671	0,	54612
741	4,2485	7,8849	0,	56928
742	3,6908	8,1222	0,	1,1104e+005
743	4,0165	8,3719	0,	1,1561e+005
744	4,9757	7,7688	0,	17799
745	4,6804	8,2147	0,	65103
746	5,7006	7,7905	0,	1827,6
747	5,3803	8,1787	0,	35405
748	6,0755	8,2652	0,	22167
749	8,0016	6,1493	0,	-40719
750	8,1449	6,6798	0,	-27397
751	8,4562	6,3633	0,	-25170
752	7,847	5,5201	0,	-53798
753	8,302	5,7758	0,	-36243
754	7,8485	3,9861	0,	-41494
755	8,2218	4,3635	0,	-38671
756	7,808	4,7831	0,	-56160
757	2,18	3,9939	0,	-4,4044e+005
758	2,0744	3,5414	0,	-6,0462e+005
759	1,8278	3,8154	0,	-3,6717e+005
760	1,8646	4,2576	0,	-2,4243e+005
761	1,6816	3,383	0,	-4,9143e+005
762	1,8499	3,1327	0,	-7,5344e+005
763	1,2391	2,3648	0,	-9,9112e+005
764	0,99796	2,0672	0,	-1,1135e+006
765	0,96254	2,2566	0,	-7,3572e+005
766	1,4344	2,3628	0,	-1,2278e+006
767	1,2361	2,5933	0,	-7,1229e+005
768	1,5835	2,7531	0,	-9,0671e+005
769	6,0566	2,6068	0,	-11368
770	6,7783	2,669	0,	2733,5
771	6,4337	2,2391	0,	55555
772	5,3782	2,5369	0,	-39922
773	5,7451	2,1926	0,	60270
774	4,7622	2,3737	0,	-60918
775	5,1179	2,1063	0,	62935
776	4,9567	2,8525	0,	-1,4991e+005
777	4,18	2,1161	0,	-53361
778	4,5212	1,9203	0,	93140
779	3,6756	1,8393	0,	-21,457
780	3,9778	1,6982	0,	1,5772e+005
781	3,2418	1,5656	0,	1,3324e+005
782	3,5006	1,4689	0,	2,9022e+005
783	2,8155	1,3042	0,	3,773e+005
784	3,0661	1,2444	0,	5,1575e+005
785	2,4348	1,0927	0,	7,287e+005
786	2,6602	1,0506	0,	8,4144e+005
787	2,1407	0,93322	0,	1,1924e+006
788	2,2935	0,88348	0,	1,3403e+006
789	2,2044	1,1202	0,	4,5368e+005
790	2,0141	0,75318	0,	1,9491e+006
791	1,7325	1,0896	0,	-29350
792	1,6472	1,1757	0,	-5,8756e+005
793	1,8381	1,1859	0,	-2,6717e+005
794	1,9786	1,4841	0,	-9,994e+005
795	2,1157	1,3625	0,	-4,1299e+005
796	1,3233	0,96658	0,	6,0562e+005
797	1,2945	0,89414	0,	1,4651e+006
798	1,2762	1,0677	0,	-1,9535e+005
799	1,2567	0,98786	0,	7,1267e+005
800	1,355	1,0337	0,	12869
801	0,82556	1,3416	0,	-2,1929e+006
802	0,91404	1,3272	0,	-1,9357e+006
803	0,85206	1,295	0,	-1,8349e+006
804	0,77587	1,3705	0,	-2,3714e+006
805	0,77784	1,3143	0,	-2,3213e+006
806	0,72963	1,4306	0,	-2,4454e+006
807	0,72608	1,3642	0,	-2,6921e+006
808	0,76154	1,4913	0,	-2,2782e+006
809	0,77739	1,5674	0,	-1,958e+006
810	0,90203	1,5409	0,	-2,1057e+006
811	1,5572	2,1869	0,	-1,4792e+006
812	1,6643	2,0538	0,	-1,6341e+006
813	1,4261	2,028	0,	-1,6622e+006
814	0,933	1,8576	0,	-1,4335e+006
815	0,82027	1,6829	0,	-1,7204e+006
816	0,94491	1,6564	0,	-1,868e+006
817	0,78824	1,7895	0,	-1,3122e+006
818	1,0364	1,7226	0,	-1,8467e+006
819	8,1958	7,2584	0,	-15552
820	8,493	6,9318	0,	-16717
821	7,8972	3,1093	0,	-9092,8
822	8,2688	3,5881	0,	-21603
823	7,5281	2,6772	0,	8555,1
824	7,1323	2,2603	0,	46180
825	1,4648	0,74407	0,	2,0812e+006
826	1,3948	0,75962	0,	2,0955e+006
827	3,2517	8,1755	0,	1,4483e+005
828	3,5074	8,5687	0,	1,7072e+005
829	1,0732	1,9009	0,	-1,5323e+006
830	0,8432	1,9922	0,	-9,3369e+005
831	2,5057	7,675	0,	1,3998e+005
832	2,175	7,3753	0,	1,3165e+005
833	1,5822	0,60688	0,	2,8665e+006
834	1,6568	0,57431	0,	3,0179e+006
835	7,8179	8,1634	0,	1230,3
836	7,4695	8,4649	0,	8854,5
837	0,66466	1,4917	0,	-2,3728e+006
838	0,66683	1,418	0,	-2,8414e+006
839	0,68051	1,5678	0,	-2,0526e+006
840	0,6677	1,6486	0,	-1,6213e+006
841	8,1908	7,8961	0,	-4043,9
842	8,5411	7,5805	0,	-6913,3
843	8,1892	2,3918	0,	18777
844	7,841	2,1946	0,	37750
845	8,3439	2,7869	0,	5823,
846	1,8847	1,8204	0,	-1,5188e+006
847	1,7731	1,9178	0,	-1,6508e+006
848	1,5042	0,63538	0,	2,7145e+006
849	1,4323	0,66309	0,	2,5862e+006
850	2,7172	8,0694	0,	1,6941e+005
851	2,9592	8,458	0,	1,9777e+005
852	0,98087	1,3659	0,	-1,9495e+006
853	0,95084	1,2641	0,	-1,4196e+006
854	1,0235	1,2907	0,	-1,6628e+006
855	1,306	1,8637	0,	-1,8443e+006
856	1,1766	1,7659	0,	-1,9455e+006
857	0,98664	1,49	0,	-2,1083e+006
858	1,0602	1,396	0,	-2,061e+006
859	2,0679	8,0956	0,	2,1504e+005
860	2,3536	8,4367	0,	2,3823e+005
861	1,541	0,53185	0,	3,1974e+006
862	1,4692	0,56516	0,	2,9861e+006
863	1,8661	1,5928	0,	-1,3525e+006
864	1,7533	1,6949	0,	-1,6724e+006
865	1,2021	1,0781	0,	-14096
866	1,2091	1,1595	0,	-8,7058e+005
867	1,2979	1,1551	0,	-8,6852e+005
868	8,4198	1,8753	0,	34825
869	8,7048	2,211	0,	18928
870	8,5218	8,2226	0,	991,95
871	8,173	8,5393	0,	5025,3
872	0,57639	1,542	0,	-2,2294e+006
873	0,59284	1,468	0,	-2,8518e+006
874	1,4131	1,7767	0,	-1,967e+006
875	1,5331	1,8949	0,	-1,8171e+006
876	1,0765	1,5493	0,	-2,1502e+006
877	1,7373	7,7959	0,	2,0672e+005
878	1,6779	8,4922	0,	2,872e+005
879	1,3511	8,1853	0,	2,6379e+005
880	0,56359	1,6228	0,	-1,7981e+006
881	0,49746	1,5011	0,	-2,8683e+006
882	0,45978	1,5643	0,	-2,2173e+006
883	0,59501	1,3943	0,	-3,3205e+006
884	0,51391	1,4271	0,	-3,4907e+006
885	0,53534	1,3556	0,	-4,4631e+006
886	0,66328	1,3516	0,	-3,0881e+006
887	0,61048	1,3235	0,	-3,8966e+006
888	0,72805	1,308	0,	-2,642e+006
889	0,67611	1,2865	0,	-3,2056e+006
890	0,80434	1,2676	0,	-1,9633e+006
891	0,7465	1,2484	0,	-2,2585e+006
892	0,88886	1,2319	0,	-1,3189e+006
893	0,82643	1,2081	0,	-1,1808e+006
894	0,97256	1,1919	0,	-8,0263e+005
895	0,9035	1,1701	0,	-3,1616e+005
896	1,0518	1,1384	0,	-2,9147e+005
897	1,0452	1,2185	0,	-1,0458e+006
898	0,97898	1,1209	0,	4,5594e+005
899	1,1227	1,0734	0,	2,6635e+005
900	1,1297	1,1547	0,	-5,9013e+005
901	1,0492	1,0633	0,	1,122e+006
902	1,1825	0,99829	0,	8,9393e+005
903	1,1115	0,9968	0,	1,7243e+006
904	1,2279	0,91541	0,	1,5721e+006
905	1,1645	0,92338	0,	2,2556e+006
906	1,2688	0,83188	0,	2,1056e+006
907	1,2065	0,84509	0,	2,6741e+006
908	1,3167	0,75478	0,	2,3826e+006
909	1,2494	0,76738	0,	2,8306e+006
910	1,292	0,69337	0,	2,8096e+006
911	1,3623	0,67864	0,	2,6005e+006
912	1,4949	0,46601	0,	3,3002e+006
913	1,5579	0,42465	0,	3,5515e+006
914	1,6157	0,49929	0,	3,3489e+006
915	0,63568	1,7551	0,	-1,2132e+006
916	0,51541	1,6908	0,	-1,3442e+006
917	0,69844	1,924	0,	-8,1244e+005
918	0,56012	1,8343	0,	-8,0509e+005
919	1,7404	1,4669	0,	-1,4158e+006
920	1,8679	1,3756	0,	-8,8735e+005
921	1,1231	1,2348	0,	-1,3445e+006
922	1,1028	1,3208	0,	-1,7743e+006
923	1,2114	1,2532	0,	-1,4504e+006
924	1,9322	0,61504	0,	2,6519e+006
925	2,167	0,70344	0,	2,097e+006
926	2,0182	0,54671	0,	2,7572e+006
927	1,8519	0,50213	0,	3,1533e+006
928	1,7625	0,55221	0,	3,0746e+006
929	0,80778	2,1816	0,	-5,5588e+005
930	0,62335	2,055	0,	-3,8879e+005
931	0,95951	2,4851	0,	-4,569e+005
932	0,73426	2,3467	0,	-2,2476e+005
933	2,5189	0,8413	0,	1,4531e+006
934	2,9108	0,9907	0,	9,7989e+005
935	2,7081	0,75775	0,	1,4716e+006
936	2,3354	0,64446	0,	2,0515e+006
937	1,1331	2,8284	0,	-4,1134e+005
938	0,84092	2,6401	0,	-1,7445e+005
939	1,3121	3,2386	0,	-3,4374e+005
940	0,98852	3,0361	0,	-1,47e+005
941	1,4804	2,9882	0,	-6,0575e+005
942	3,3249	1,1478	0,	6,7273e+005
943	3,8028	1,3278	0,	4,4796e+005
944	3,545	0,98805	0,	7,6689e+005
945	3,0988	0,86509	0,	1,0724e+006
946	1,435	3,6571	0,	-2,5398e+005
947	1,0965	3,4608	0,	-1,0013e+005
948	1,5123	4,0791	0,	-1,6916e+005
949	1,1609	3,9024	0,	-51560
950	4,0575	1,1245	0,	5,4139e+005
951	4,3189	1,5023	0,	3,0422e+005
952	5,4848	1,7621	0,	1,6313e+005
953	6,1222	1,8249	0,	1,2719e+005
954	5,8053	1,4097	0,	2,1542e+005
955	5,1892	1,3494	0,	2,8642e+005
956	4,8769	1,6529	0,	2,1699e+005
957	6,4494	1,4435	0,	1,6006e+005
958	6,7877	1,8303	0,	99002
959	8,0715	1,6781	0,	53798
960	8,6991	1,5934	0,	32571
961	8,3666	1,2779	0,	52551
962	7,7445	1,3658	0,	82242
963	7,4452	1,7777	0,	75375
964	8,9842	1,929	0,	16674
965	9,2698	2,2766	0,	7574,4
966	8,8595	2,6061	0,	5973,8
967	8,6421	3,9654	0,	-18780
968	8,6267	4,676	0,	-25868
969	9,0327	4,3064	0,	-15040
970	9,0607	3,6103	0,	-8383,3
971	8,7155	3,2657	0,	-6687,3
972	9,0431	4,9884	0,	-17154
973	8,2129	5,0956	0,	-43357
974	8,668	5,3513	0,	-25802
975	9,1639	6,2824	0,	-10954
976	8,8043	6,6154	0,	-14491
977	8,7566	5,9899	0,	-20695
978	9,2134	7,5807	0,	-2810,4
979	8,8722	7,907	0,	-1877,4
980	8,8384	7,2539	0,	-8078,8
981	6,8093	9,1184	0,	33871
982	7,1298	8,7772	0,	22223
983	6,4392	8,7174	0,	36681
984	5,0851	8,6246	0,	82709
985	4,4485	8,7017	0,	1,2379e+005
986	4,8047	9,0478	0,	1,2445e+005
987	5,4561	9,0287	0,	84994
988	5,7552	8,6534	0,	55744
989	4,1751	9,1384	0,	1,7729e+005
990	3,8332	8,8184	0,	1,753e+005
991	2,8998	9,1906	0,	2,9083e+005
992	2,5956	8,8253	0,	2,666e+005
993	3,215	8,8512	0,	2,2367e+005
994	1,3846	7,5153	0,	1,9727e+005
995	1,7938	7,1085	0,	1,3736e+005
996	1,7703	5,8039	0,	20466
997	1,4135	6,2022	0,	94015
998	1,8182	6,4363	0,	74510
999	1,5903	4,6017	0,	-92527
1000	1,2154	4,3716	0,	-12813
1001	1,2896	4,982	0,	25841
1002	1,6847	5,2035	0,	-29872
1003	1,2989	8,8757	0,	3,5112e+005
1004	1,6165	9,2035	0,	3,8978e+005
1005	1,9636	8,8333	0,	3,1038e+005
1006	8,8739	9,2336	0,	3607,1
1007	9,2117	8,9026	0,	2615,4
1008	8,8683	8,5662	0,	2408,8
1009	8,5194	8,8828	0,	6442,1
1010	9,3196	1,5817	0,	13491
1011	9,0043	1,2453	0,	25483
1012	0,41893	1,4427	0,	-3,7595e+006
1013	0,45088	1,3783	0,	-4,9436e+006
1014	1,4363	0,40349	0,	3,2218e+006
1015	1,3745	0,43882	0,	2,7059e+006
1016	1,4231	0,49931	0,	3,0888e+006
1017	0,96251	5,3629	0,	1,1332e+005
1018	0,91468	4,7519	0,	1,0556e+005
1019	1,3576	5,5844	0,	57603
1020	1,0008	5,9826	0,	1,3115e+005
1021	1,0198	7,2497	0,	1,9955e+005
1022	1,0244	6,6088	0,	1,5914e+005
1023	1,429	6,8429	0,	1,3963e+005
1024	0,9983	7,9048	0,	2,5435e+005
1025	0,97205	8,5688	0,	3,2772e+005
1026	0,94507	9,2397	0,	4,2704e+005
1027	1,2626	9,5676	0,	4,6569e+005
1028	1,9198	9,5528	0,	4,213e+005
1029	2,5711	9,5479	0,	3,6613e+005
1030	2,2669	9,1826	0,	3,419e+005
1031	3,2239	9,5486	0,	3,0435e+005
1032	3,881	9,5292	0,	2,3919e+005
1033	3,5391	9,2092	0,	2,372e+005
1034	4,5313	9,4845	0,	1,7795e+005
1035	5,1757	9,4519	0,	1,2674e+005
1036	5,8311	9,4599	0,	85618
1037	6,5004	9,4855	0,	53558
1038	6,1302	9,0846	0,	56369
1039	7,1767	9,5109	0,	30285
1040	7,8576	9,5378	0,	15000
1041	7,4971	9,1697	0,	18637
1042	8,5396	9,5596	0,	6177,1
1043	8,1852	9,2088	0,	9012,1
1044	9,2225	9,5717	0,	1849,
1045	9,5603	9,2406	0,	857,27
1046	9,5555	8,5772	0,	777,89
1047	9,5532	7,9145	0,	-361,7
1048	9,212	8,2408	0,	571,3
1049	9,5459	7,2525	0,	-1933,6
1050	9,5305	6,5927	0,	-3664,7
1051	9,1709	6,9257	0,	-7202,
1052	9,5025	5,9346	0,	-5346,3
1053	9,4703	5,2792	0,	-6439,5
1054	9,0952	5,6421	0,	-15087
1055	9,4491	4,6187	0,	-6326,5
1056	9,4513	3,9513	0,	-4643,3
1057	9,4905	3,2827	0,	-1621,8
1058	9,6053	1,9293	0,	4391,7
1059	9,5556	2,6087	0,	1674,8
1060	9,6207	1,2507	0,	6497,5
1061	0,86406	4,1949	0,	1,0479e+005
1062	9,3053	0,91432	0,	18490
1063	8,6718	0,92986	0,	45463
1064	8,0396	0,96567	0,	80995
1065	7,4039	1,0088	0,	1,2478e+005
1066	6,7663	1,0339	0,	1,7897e+005
1067	7,1045	1,4207	0,	1,1791e+005
1068	6,1325	1,0283	0,	2,4829e+005
1069	5,5098	0,99705	0,	3,3871e+005
1070	4,9068	0,94304	0,	4,6087e+005
1071	4,333	0,86872	0,	6,2862e+005
1072	4,5944	1,2465	0,	3,9145e+005
1073	0,8224	3,7061	0,	1,023e+005
1074	3,7998	0,78475	0,	8,6031e+005
1075	0,77285	3,2583	0,	96618
1076	3,319	0,70537	0,	1,1665e+006
1077	0,69638	2,8477	0,	89896
1078	2,8961	0,63214	0,	1,5641e+006
1079	0,61567	2,5016	0,	57684
1080	2,5246	0,56091	0,	2,07e+006
1081	0,54984	2,2201	0,	-57667
1082	2,1867	0,48773	0,	2,7117e+006
1083	0,48504	1,9653	0,	-3,8144e+005
1084	1,9379	0,4338	0,	3,2586e+006
1085	1,15	1,4554	0,	-2,103e+006
1086	1,1911	1,3393	0,	-1,8803e+006
1087	1,6252	1,3634	0,	-1,3538e+006
1088	1,5577	1,2651	0,	-1,1984e+006
1089	1,7527	1,2721	0,	-8,2538e+005
1090	0,43985	1,77	0,	-9,3609e+005
1091	0,4116	1,6322	0,	-1,7634e+006
1092	1,6305	0,38131	0,	3,6905e+006
1093	1,7776	0,40587	0,	3,5666e+006
1094	1,6882	0,45595	0,	3,4879e+006
1095	0,38125	1,5059	0,	-3,1085e+006
1096	1,4994	0,36213	0,	3,4731e+006
1097	0,35622	1,3866	0,	-5,4158e+006
1098	1,3819	0,34806	0,	2,6379e+006
1099	1,3201	0,38339	0,	2,122e+006
1100	1,3063	0,46771	0,	2,3669e+006
1101	1,2847	0,55067	0,	2,6719e+006
1102	1,3548	0,52821	0,	2,7498e+006
1103	1,2568	0,63005	0,	2,9889e+006
1104	1,3272	0,61533	0,	2,7798e+006
1105	1,2247	0,70596	0,	3,2575e+006
1106	1,1871	0,78059	0,	3,3991e+006
1107	1,143	0,85306	0,	3,3576e+006
1108	1,0934	0,92188	0,	3,086e+006
1109	1,0379	0,9867	0,	2,58e+006
1110	0,97637	1,0458	0,	1,8694e+006
1111	0,90993	1,0991	0,	9,4241e+005
1112	0,84106	1,1463	0,	-1,7809e+005
1113	0,76859	1,1889	0,	-1,476e+006
1114	0,69456	1,227	0,	-2,8221e+006
1115	0,62331	1,2584	0,	-4,0141e+006
1116	0,55082	1,2848	0,	-5,0393e+006
1117	0,47232	1,3069	0,	-5,916e+006
1118	0,38817	1,3223	0,	-6,5999e+006
1119	1,1679	1,6154	0,	-2,1289e+006
1120	1,2836	1,6789	0,	-2,0683e+006
1121	1,4134	1,225	0,	-1,2365e+006
1122	1,3768	1,1211	0,	-6,6031e+005
1123	1,3003	1,2489	0,	-1,4484e+006
1124	1,5217	1,6741	0,	-1,9542e+006
1125	1,6276	1,569	0,	-1,7357e+006
1126	1,6417	1,7923	0,	-1,8043e+006
1127	1,2813	1,4977	0,	-2,109e+006
1128	1,3971	1,5612	0,	-2,0484e+006
1129	1,503	1,456	0,	-1,8298e+006
1130	1,4355	1,3578	0,	-1,6744e+006
1131	1,3224	1,3816	0,	-1,8863e+006
1132	1,3973	0,59287	0,	2,8578e+006
1133	2,1221	5,3658	0,	-92525
1134	2,9132	5,0191	0,	-2,6127e+005
1135	7,8246	8,8408	0,	12650
1136	2,005	1,254	0,	-3,0094e+005
1137	9,1452	2,9381	0,	74,167
1138	6,1346	5,106	0,	-1,4972e+005
1139	5,6791	4,6321	0,	-2,04e+005
