Node Number	X Location (m)	Y Location (m)	Z Location (m)	Directional Deformation (m)
1	3,0615e-017	1,	0,	0,
2	0,	3,	0,	0,
3	0,	1,0761	0,	0,
4	0,	1,1589	0,	0,
5	0,	1,2616	0,	0,
6	0,	1,3873	0,	0,
7	0,	1,54	0,	0,
8	0,	1,7265	0,	0,
9	0,	1,9524	0,	0,
10	0,	2,2292	0,	0,
11	0,	2,5752	0,	0,
12	1,	0,	0,	1,6764e-004
13	0,99692	7,8486e-002	0,	1,6756e-004
14	0,98768	0,15648	0,	1,6611e-004
15	0,97235	0,23351	0,	1,6356e-004
16	0,95103	0,30909	0,	1,6002e-004
17	0,92385	0,38277	0,	1,5548e-004
18	0,89096	0,45408	0,	1,5005e-004
19	0,85258	0,52259	0,	1,4368e-004
20	0,80893	0,5879	0,	1,3632e-004
21	0,7603	0,64957	0,	1,2833e-004
22	0,70699	0,70723	0,	1,195e-004
23	0,64931	0,76052	0,	1,1e-004
24	0,58763	0,80913	0,	9,9738e-005
25	0,52228	0,85277	0,	8,8513e-005
26	0,45373	0,89114	0,	7,7161e-005
27	0,38239	0,924	0,	6,5081e-005
28	0,30867	0,95117	0,	5,2261e-005
29	0,23308	0,97246	0,	3,9837e-005
30	0,15605	0,98775	0,	2,6888e-005
31	7,8064e-002	0,99695	0,	1,3214e-005
32	10,	0,	0,	5,4396e-004
33	9,321	0,	0,	5,1005e-004
34	8,642	0,	0,	4,7616e-004
35	7,9631	0,	0,	4,4234e-004
36	7,2841	0,	0,	4,0869e-004
37	6,6051	0,	0,	3,753e-004
38	5,9261	0,	0,	3,423e-004
39	5,2471	0,	0,	3,0993e-004
40	4,5747	0,	0,	2,7885e-004
41	3,9309	0,	0,	2,5039e-004
42	3,3332	0,	0,	2,2563e-004
43	2,8371	0,	0,	2,0688e-004
44	2,4304	0,	0,	1,9326e-004
45	2,0985	0,	0,	1,8384e-004
46	1,8275	0,	0,	1,7771e-004
47	1,6086	0,	0,	1,7404e-004
48	1,4305	0,	0,	1,7196e-004
49	1,2889	0,	0,	1,7067e-004
50	1,1744	0,	0,	1,7025e-004
51	1,0804	0,	0,	1,6915e-004
52	10,	3,	0,	5,4435e-004
53	10,	2,25	0,	5,4416e-004
54	10,	1,5	0,	5,4403e-004
55	10,	0,75	0,	5,4397e-004
56	0,48836	3,	0,	2,2103e-005
57	0,99276	3,	0,	4,8397e-005
58	1,5215	3,	0,	8,0146e-005
59	2,0895	3,	0,	1,1717e-004
60	2,6976	3,	0,	1,5721e-004
61	3,3349	3,	0,	1,9743e-004
62	3,998	3,	0,	2,3652e-004
63	4,665	3,	0,	2,7352e-004
64	5,3319	3,	0,	3,0899e-004
65	5,9988	3,	0,	3,4349e-004
66	6,6658	3,	0,	3,7739e-004
67	7,3327	3,	0,	4,1096e-004
68	7,9996	3,	0,	4,4436e-004
69	8,6666	3,	0,	4,7771e-004
70	9,3335	3,	0,	5,1103e-004
71	1,3994	1,8066	0,	9,5949e-005
72	1,1821	1,141	0,	1,0621e-004
73	0,59624	1,3239	0,	5,2609e-005
74	1,2804	0,57109	0,	1,4924e-004
75	1,7862	0,93889	0,	1,5063e-004
76	2,5544	1,9485	0,	1,6374e-004
77	0,88269	0,95207	0,	9,9679e-005
78	0,77465	1,8201	0,	5,2463e-005
79	3,8716	1,5011	0,	2,3916e-004
80	8,6601	1,4453	0,	4,7704e-004
81	6,0955	1,5014	0,	3,4902e-004
82	1,0546	0,57495	0,	1,4221e-004
83	0,40572	1,1367	0,	4,6098e-005
84	0,63406	1,0524	0,	7,2811e-005
85	1,1256	0,37473	0,	1,5819e-004
86	2,7166	0,92646	0,	1,9275e-004
87	0,19385	1,1445	0,	2,3176e-005
88	1,5096	0,37401	0,	1,6518e-004
89	0,25855	1,3518	0,	2,3038e-005
90	1,0972	0,76824	0,	1,2729e-004
91	1,166	0,14659	0,	1,6823e-004
92	1,0216	1,3737	0,	8,3199e-005
93	2,008	0,56899	0,	1,7288e-004
94	4,6636	1,5019	0,	2,781e-004
95	2,034	1,2475	0,	1,5203e-004
96	0,87123	0,6857	0,	1,2615e-004
97	1,2569	0,74934	0,	1,3607e-004
98	1,4581	1,1652	0,	1,2265e-004
99	0,62213	0,85704	0,	9,4261e-005
100	0,75176	1,1535	0,	7,4503e-005
101	0,57904	2,31	0,	3,4129e-005
102	7,3483	1,4439	0,	4,115e-004
103	1,3478	0,27724	0,	1,6597e-004
104	1,7418	2,4737	0,	1,043e-004
105	0,43341	1,0343	0,	5,7075e-005
106	1,5644	0,74024	0,	1,4988e-004
107	1,2819	2,3276	0,	7,7706e-005
108	9,2211	1,8438	0,	5,0513e-004
109	9,2281	1,151	0,	5,0542e-004
110	5,7102	0,75792	0,	3,313e-004
111	0,3623	1,9128	0,	2,3457e-005
112	0,38191	1,3503	0,	3,3719e-005
113	3,6244	0,67351	0,	2,3491e-004
114	5,7542	2,2579	0,	3,3084e-004
115	0,67554	1,6449	0,	4,8876e-005
116	2,037	1,9842	0,	1,3244e-004
117	0,2566	1,0534	0,	3,5892e-005
118	1,1418	0,26417	0,	1,6406e-004
119	0,88314	0,81676	0,	1,1258e-004
120	0,98793	0,47058	0,	1,4953e-004
121	1,687	0,19717	0,	1,7342e-004
122	0,58085	0,94118	0,	8,0182e-005
123	3,1783	1,7877	0,	2,0059e-004
124	6,9583	0,75	0,	3,9242e-004
125	4,3147	2,25	0,	2,5627e-004
126	1,7394	0,44938	0,	1,6811e-004
127	2,6123	0,44938	0,	1,9625e-004
128	7,6973	2,2024	0,	4,2891e-004
129	9,611e-002	1,1164	0,	1,2368e-005
130	7,6629	0,6875	0,	4,2737e-004
131	7,0362	2,2185	0,	3,9571e-004
132	0,89493	1,5891	0,	6,6199e-005
133	0,83807	1,3891	0,	6,8916e-005
134	4,9954	0,75	0,	2,971e-004
135	0,98311	1,1647	0,	9,1078e-005
136	0,78593	0,88524	0,	1,0018e-004
137	1,0869	1,8336	0,	7,3834e-005
138	5,4121	1,5106	0,	3,1506e-004
139	1,9334	0,26345	0,	1,7765e-004
140	8,4842	2,1681	0,	4,6831e-004
141	8,4814	0,75	0,	4,6812e-004
142	1,3299	0,94101	0,	1,272e-004
143	1,1425	0,91489	0,	1,183e-004
144	1,7573	1,4574	0,	1,2934e-004
145	0,93974	0,54509	0,	1,4236e-004
146	1,0491	0,29638	0,	1,6158e-004
147	1,0232	0,39066	0,	1,5581e-004
148	0,52651	1,1058	0,	5,9382e-005
149	5,0658	2,25	0,	2,9551e-004
150	2,9447	2,4742	0,	1,7831e-004
151	3,0581	0,54734	0,	2,1224e-004
152	1,2123	1,591	0,	8,9026e-005
153	3,6297	2,3621	0,	2,1862e-004
154	1,0644	0,19665	0,	1,6588e-004
155	2,2398	0,36514	0,	1,8476e-004
156	1,3275	0,41734	0,	1,5948e-004
157	2,3362	0,72973	0,	1,8097e-004
158	0,96292	0,63033	0,	1,3469e-004
159	0,10227	1,2086	0,	1,1127e-005
160	0,16567	1,6216	0,	1,2027e-005
161	4,3221	0,75	0,	2,6575e-004
162	1,4844	0,16698	0,	1,7082e-004
163	0,344	1,0375	0,	4,7523e-005
164	0,97908	0,74004	0,	1,2452e-004
165	2,3219	2,4742	0,	1,4066e-004
166	0,6145	1,1957	0,	6,0743e-005
167	2,2942	1,598	0,	1,566e-004
168	0,98989	0,8726	0,	1,1299e-004
169	1,1557	0,66215	0,	1,3837e-004
170	3,1827	1,1714	0,	2,0989e-004
171	0,76533	1,0196	0,	8,5703e-005
172	1,0783	9,6369e-002	0,	1,6845e-004
173	2,7385	1,3847	0,	1,8482e-004
174	1,3022	0,11656	0,	1,6991e-004
175	0,29931	1,1408	0,	3,5016e-005
176	0,26447	2,3356	0,	1,5291e-005
177	0,86371	2,6083	0,	4,7915e-005
178	1,7057	1,194	0,	1,3588e-004
179	0,17292	1,0568	0,	2,4837e-005
180	1,16	0,55251	0,	1,4691e-004
181	0,48733	1,2567	0,	4,6446e-005
182	1,5597	0,57115	0,	1,5798e-004
183	0,92103	2,1338	0,	5,7537e-005
184	0,52062	1,003	0,	6,8339e-005
185	0,68452	0,93683	0,	8,817e-005
186	1,3467	1,3745	0,	1,0614e-004
187	0,88689	0,59673	0,	1,3639e-004
188	2,059	0,84154	0,	1,6653e-004
189	1,0952	0,47592	0,	1,5099e-004
190	0,53631	1,775	0,	3,6634e-005
191	6,3664	0,75	0,	3,6328e-004
192	2,3649	1,1109	0,	1,7263e-004
193	1,2322	0,3403	0,	1,6164e-004
194	1,5449	0,94819	0,	1,3827e-004
195	6,4028	2,25	0,	3,6377e-004
196	0,21853	1,2331	0,	2,2558e-005
197	0,18115	1,8196	0,	1,2047e-005
198	0,485	1,4107	0,	4,0297e-005
199	1,232	0,22448	0,	1,6644e-004
200	0,11701	1,3218	0,	1,0871e-005
201	1,0036	1,0267	0,	1,017e-004
202	9,1457	2,4679	0,	5,015e-004
203	9,2407	0,5625	0,	5,0602e-004
204	0,18115	2,071	0,	1,1137e-005
205	1,577	2,0713	0,	1,0165e-004
206	0,10063	1,0468	0,	1,5148e-005
207	0,7947	0,74897	0,	1,1631e-004
208	1,7788	0,68265	0,	1,6091e-004
209	0,44256	0,95641	0,	6,6734e-005
210	0,50635	0,92817	0,	7,6169e-005
211	0,34717	1,6947	0,	2,4378e-005
212	1,4099	0,63879	0,	1,4937e-004
213	0,40674	2,1335	0,	2,4843e-005
214	0,14672	1,4545	0,	1,1944e-005
215	1,2975	2,6626	0,	7,3126e-005
216	0,86824	1,0914	0,	8,7541e-005
217	1,0499	0,67514	0,	1,3336e-004
218	0,72273	1,2925	0,	6,4179e-005
219	1,5695	1,3583	0,	1,2132e-004
220	1,2559	2,0319	0,	8,1387e-005
221	0,34376	1,2448	0,	3,4209e-005
222	1,2043	0,45795	0,	1,5446e-004
223	8,0273	1,3333	0,	4,4541e-004
224	1,4063	0,76405	0,	1,4175e-004
225	0,86443	1,2399	0,	7,7995e-005
226	6,7012	1,4856	0,	3,792e-004
227	0,31898	1,4942	0,	2,5052e-005
228	1,5245	1,5684	0,	1,1103e-004
229	0,70726	0,81597	0,	1,0425e-004
230	0,37379	0,98071	0,	5,6701e-005
231	1,4143	0,51788	0,	1,5626e-004
232	0,50018	1,5764	0,	3,732e-005
233	0,67164	1,4637	0,	5,3271e-005
234	0,60512	2,0052	0,	3,8563e-005
235	0,38139	2,6478	0,	2,0357e-005
236	1,7165	1,7505	0,	1,181e-004
237	1,9841	1,5935	0,	1,3877e-004
