Node Number	X Location (m)	Y Location (m)	Z Location (m)	Directional Deformation (m)
1	3,0615e-017	1,	0,	-6,7316e-005
2	0,	3,	0,	-9,5155e-005
3	0,	1,0761	0,	-7,1042e-005
4	0,	1,1589	0,	-7,3291e-005
5	0,	1,2616	0,	-7,5082e-005
6	0,	1,3873	0,	-7,6484e-005
7	0,	1,54	0,	-7,7732e-005
8	0,	1,7265	0,	-7,9117e-005
9	0,	1,9524	0,	-8,1062e-005
10	0,	2,2292	0,	-8,398e-005
11	0,	2,5752	0,	-8,8555e-005
12	1,	0,	0,	0,
13	0,99692	7,8486e-002	0,	-4,8886e-006
14	0,98768	0,15648	0,	-9,756e-006
15	0,97235	0,23351	0,	-1,4684e-005
16	0,95103	0,30909	0,	-1,9491e-005
17	0,92385	0,38277	0,	-2,4183e-005
18	0,89096	0,45408	0,	-2,8768e-005
19	0,85258	0,52259	0,	-3,3297e-005
20	0,80893	0,5879	0,	-3,7774e-005
21	0,7603	0,64957	0,	-4,1891e-005
22	0,70699	0,70723	0,	-4,5916e-005
23	0,64931	0,76052	0,	-4,963e-005
24	0,58763	0,80913	0,	-5,3024e-005
25	0,52228	0,85277	0,	-5,6474e-005
26	0,45373	0,89114	0,	-5,9475e-005
27	0,38239	0,924	0,	-6,1998e-005
28	0,30867	0,95117	0,	-6,4096e-005
29	0,23308	0,97246	0,	-6,5541e-005
30	0,15605	0,98775	0,	-6,665e-005
31	7,8064e-002	0,99695	0,	-6,757e-005
32	10,	0,	0,	0,
33	9,321	0,	0,	0,
34	8,642	0,	0,	0,
35	7,9631	0,	0,	0,
36	7,2841	0,	0,	0,
37	6,6051	0,	0,	0,
38	5,9261	0,	0,	0,
39	5,2471	0,	0,	0,
40	4,5747	0,	0,	0,
41	3,9309	0,	0,	0,
42	3,3332	0,	0,	0,
43	2,8371	0,	0,	0,
44	2,4304	0,	0,	0,
45	2,0985	0,	0,	0,
46	1,8275	0,	0,	0,
47	1,6086	0,	0,	0,
48	1,4305	0,	0,	0,
49	1,2889	0,	0,	0,
50	1,1744	0,	0,	0,
51	1,0804	0,	0,	0,
52	10,	3,	0,	-4,4985e-005
53	10,	2,25	0,	-3,3729e-005
54	10,	1,5	0,	-2,2459e-005
55	10,	0,75	0,	-1,1216e-005
56	0,48836	3,	0,	-9,0466e-005
57	0,99276	3,	0,	-7,9283e-005
58	1,5215	3,	0,	-6,5352e-005
59	2,0895	3,	0,	-5,3215e-005
60	2,6976	3,	0,	-4,483e-005
61	3,3349	3,	0,	-4,0866e-005
62	3,998	3,	0,	-3,9691e-005
63	4,665	3,	0,	-4,0144e-005
64	5,3319	3,	0,	-4,129e-005
65	5,9988	3,	0,	-4,2389e-005
66	6,6658	3,	0,	-4,3268e-005
67	7,3327	3,	0,	-4,3903e-005
68	7,9996	3,	0,	-4,4341e-005
69	8,6666	3,	0,	-4,4637e-005
70	9,3335	3,	0,	-4,4836e-005
71	1,3994	1,8066	0,	-4,2849e-005
72	1,1821	1,141	0,	-2,9823e-005
73	0,59624	1,3239	0,	-6,0174e-005
74	1,2804	0,57109	0,	-1,0971e-005
75	1,7862	0,93889	0,	-1,1985e-005
76	2,5544	1,9485	0,	-2,6059e-005
77	0,88269	0,95207	0,	-3,6832e-005
78	0,77465	1,8201	0,	-6,3544e-005
79	3,8716	1,5011	0,	-1,6219e-005
80	8,6601	1,4453	0,	-2,1391e-005
81	6,0955	1,5014	0,	-2,0261e-005
82	1,0546	0,57495	0,	-1,9185e-005
83	0,40572	1,1367	0,	-6,4824e-005
84	0,63406	1,0524	0,	-5,2605e-005
85	1,1256	0,37473	0,	-1,1396e-005
86	2,7166	0,92646	0,	-8,4417e-006
87	0,19385	1,1445	0,	-7,1113e-005
88	1,5096	0,37401	0,	-3,9893e-006
89	0,25855	1,3518	0,	-7,288e-005
90	1,0972	0,76824	0,	-2,1814e-005
91	1,166	0,14659	0,	-4,1696e-006
92	1,0216	1,3737	0,	-4,2985e-005
93	2,008	0,56899	0,	-4,6948e-006
94	4,6636	1,5019	0,	-1,7757e-005
95	2,034	1,2475	0,	-1,6373e-005
96	0,87123	0,6857	0,	-3,2646e-005
97	1,2569	0,74934	0,	-1,5792e-005
98	1,4581	1,1652	0,	-2,2915e-005
99	0,62213	0,85704	0,	-5,0845e-005
100	0,75176	1,1535	0,	-4,8787e-005
101	0,57904	2,31	0,	-7,7913e-005
102	7,3483	1,4439	0,	-2,0731e-005
103	1,3478	0,27724	0,	-4,2179e-006
104	1,7418	2,4737	0,	-4,9694e-005
105	0,43341	1,0343	0,	-6,207e-005
106	1,5644	0,74024	0,	-9,9753e-006
107	1,2819	2,3276	0,	-5,8729e-005
108	9,2211	1,8438	0,	-2,7477e-005
109	9,2281	1,151	0,	-1,7127e-005
110	5,7102	0,75792	0,	-9,6885e-006
111	0,3623	1,9128	0,	-7,6804e-005
112	0,38191	1,3503	0,	-6,9149e-005
113	3,6244	0,67351	0,	-6,2839e-006
114	5,7542	2,2579	0,	-3,0691e-005
115	0,67554	1,6449	0,	-6,347e-005
116	2,037	1,9842	0,	-3,3124e-005
117	0,2566	1,0534	0,	-6,7669e-005
118	1,1418	0,26417	0,	-8,0239e-006
119	0,88314	0,81676	0,	-3,3822e-005
120	0,98793	0,47058	0,	-2,1049e-005
121	1,687	0,19717	0,	-1,4281e-006
122	0,58085	0,94118	0,	-5,3651e-005
123	3,1783	1,7877	0,	-2,0304e-005
124	6,9583	0,75	0,	-1,0509e-005
125	4,3147	2,25	0,	-2,7696e-005
126	1,7394	0,44938	0,	-3,8614e-006
127	2,6123	0,44938	0,	-3,3923e-006
128	7,6973	2,2024	0,	-3,2209e-005
129	9,611e-002	1,1164	0,	-7,181e-005
130	7,6629	0,6875	0,	-9,9162e-006
131	7,0362	2,2185	0,	-3,1901e-005
132	0,89493	1,5891	0,	-5,39e-005
133	0,83807	1,3891	0,	-5,097e-005
134	4,9954	0,75	0,	-8,7858e-006
135	0,98311	1,1647	0,	-3,818e-005
136	0,78593	0,88524	0,	-4,0939e-005
137	1,0869	1,8336	0,	-5,3299e-005
138	5,4121	1,5106	0,	-1,9297e-005
139	1,9334	0,26345	0,	-1,6893e-006
140	8,4842	2,1681	0,	-3,2108e-005
141	8,4814	0,75	0,	-1,1037e-005
142	1,3299	0,94101	0,	-1,9307e-005
143	1,1425	0,91489	0,	-2,4197e-005
144	1,7573	1,4574	0,	-2,5152e-005
145	0,93974	0,54509	0,	-2,5866e-005
146	1,0491	0,29638	0,	-1,264e-005
147	1,0232	0,39066	0,	-1,6849e-005
148	0,52651	1,1058	0,	-5,9094e-005
149	5,0658	2,25	0,	-2,9213e-005
150	2,9447	2,4742	0,	-3,3014e-005
151	3,0581	0,54734	0,	-4,5442e-006
152	1,2123	1,591	0,	-4,2594e-005
153	3,6297	2,3621	0,	-2,9061e-005
154	1,0644	0,19665	0,	-8,4546e-006
155	2,2398	0,36514	0,	-2,5225e-006
156	1,3275	0,41734	0,	-6,9019e-006
157	2,3362	0,72973	0,	-6,2881e-006
158	0,96292	0,63033	0,	-2,5726e-005
159	0,10227	1,2086	0,	-7,3703e-005
160	0,16567	1,6216	0,	-7,7272e-005
161	4,3221	0,75	0,	-7,8754e-006
162	1,4844	0,16698	0,	-1,7464e-006
163	0,344	1,0375	0,	-6,5127e-005
164	0,97908	0,74004	0,	-2,6795e-005
165	2,3219	2,4742	0,	-3,8946e-005
166	0,6145	1,1957	0,	-5,662e-005
167	2,2942	1,598	0,	-2,1483e-005
168	0,98989	0,8726	0,	-2,9366e-005
169	1,1557	0,66215	0,	-1,6821e-005
170	3,1827	1,1714	0,	-1,1504e-005
171	0,76533	1,0196	0,	-4,4845e-005
172	1,0783	9,6369e-002	0,	-4,0844e-006
173	2,7385	1,3847	0,	-1,5063e-005
174	1,3022	0,11656	0,	-2,0417e-006
175	0,29931	1,1408	0,	-6,8539e-005
176	0,26447	2,3356	0,	-8,384e-005
177	0,86371	2,6083	0,	-7,6049e-005
178	1,7057	1,194	0,	-1,9201e-005
179	0,17292	1,0568	0,	-6,9132e-005
180	1,16	0,55251	0,	-1,4225e-005
181	0,48733	1,2567	0,	-6,3634e-005
182	1,5597	0,57115	0,	-6,6905e-006
183	0,92103	2,1338	0,	-6,5395e-005
184	0,52062	1,003	0,	-5,7686e-005
185	0,68452	0,93683	0,	-4,7827e-005
186	1,3467	1,3745	0,	-3,2033e-005
187	0,88689	0,59673	0,	-3,0749e-005
188	2,059	0,84154	0,	-8,4823e-006
189	1,0952	0,47592	0,	-1,5052e-005
190	0,53631	1,775	0,	-7,0443e-005
191	6,3664	0,75	0,	-1,0136e-005
192	2,3649	1,1109	0,	-1,1844e-005
193	1,2322	0,3403	0,	-7,3435e-006
194	1,5449	0,94819	0,	-1,5237e-005
195	6,4028	2,25	0,	-3,162e-005
196	0,21853	1,2331	0,	-7,2239e-005
197	0,18115	1,8196	0,	-7,8795e-005
198	0,485	1,4107	0,	-6,6386e-005
199	1,232	0,22448	0,	-4,951e-006
200	0,11701	1,3218	0,	-7,514e-005
201	1,0036	1,0267	0,	-3,306e-005
202	9,1457	2,4679	0,	-3,6813e-005
203	9,2407	0,5625	0,	-8,3645e-006
204	0,18115	2,071	0,	-8,1351e-005
205	1,577	2,0713	0,	-4,4749e-005
206	0,10063	1,0468	0,	-6,9512e-005
207	0,7947	0,74897	0,	-3,8821e-005
208	1,7788	0,68265	0,	-7,1429e-006
209	0,44256	0,95641	0,	-6,0554e-005
210	0,50635	0,92817	0,	-5,7539e-005
211	0,34717	1,6947	0,	-7,455e-005
212	1,4099	0,63879	0,	-9,7716e-006
213	0,40674	2,1335	0,	-7,8767e-005
214	0,14672	1,4545	0,	-7,6094e-005
215	1,2975	2,6626	0,	-6,4933e-005
216	0,86824	1,0914	0,	-4,1332e-005
217	1,0499	0,67514	0,	-2,1719e-005
218	0,72273	1,2925	0,	-5,3701e-005
219	1,5695	1,3583	0,	-2,6135e-005
220	1,2559	2,0319	0,	-5,28e-005
221	0,34376	1,2448	0,	-6,8949e-005
222	1,2043	0,45795	0,	-1,0607e-005
223	8,0273	1,3333	0,	-1,9488e-005
224	1,4063	0,76405	0,	-1,2919e-005
225	0,86443	1,2399	0,	-4,5687e-005
226	6,7012	1,4856	0,	-2,0783e-005
227	0,31898	1,4942	0,	-7,3033e-005
228	1,5245	1,5684	0,	-3,3036e-005
229	0,70726	0,81597	0,	-4,5291e-005
230	0,37379	0,98071	0,	-6,3269e-005
231	1,4143	0,51788	0,	-7,3483e-006
232	0,50018	1,5764	0,	-6,8536e-005
233	0,67164	1,4637	0,	-5,9939e-005
234	0,60512	2,0052	0,	-7,2151e-005
235	0,38139	2,6478	0,	-8,7026e-005
236	1,7165	1,7505	0,	-3,3667e-005
237	1,9841	1,5935	0,	-2,5084e-005
